-3.794443426078852610e+01
4.210828478142480957e-01
0.000000000000000000e+00
0.000000000000000000e+00
0.000000000000000000e+00
3.317274495922891475e+01
3.884786696348458968e-01
0.000000000000000000e+00
0.000000000000000000e+00
0.000000000000000000e+00
-2.808091634228669520e+01
3.867771593442858036e-01
0.000000000000000000e+00
0.000000000000000000e+00
0.000000000000000000e+00
-4.196634196525926086e+01
2.354510489533433171e-01
0.000000000000000000e+00
0.000000000000000000e+00
0.000000000000000000e+00
3.279143377734821740e+01
2.224013707387159644e-01
0.000000000000000000e+00
0.000000000000000000e+00
0.000000000000000000e+00
-2.385912665017603729e+01
2.266088783060045964e-01
0.000000000000000000e+00
0.000000000000000000e+00
0.000000000000000000e+00
-2.653514865810396373e+01
2.033819325763380204e-01
0.000000000000000000e+00
0.000000000000000000e+00
0.000000000000000000e+00
1.655936300761888447e+01
1.959500316956460930e-01
0.000000000000000000e+00
0.000000000000000000e+00
0.000000000000000000e+00
-9.856847515035671137e+00
1.969192842634975016e-01
0.000000000000000000e+00
0.000000000000000000e+00
0.000000000000000000e+00
-1.769738774762604905e+01
3.388419163926720268e-01
0.000000000000000000e+00
0.000000000000000000e+00
0.000000000000000000e+00
7.456961408938599156e+00
3.284065685266152057e-01
0.000000000000000000e+00
0.000000000000000000e+00
0.000000000000000000e+00
-3.151823695580117768e+00
3.296865756839366113e-01
0.000000000000000000e+00
0.000000000000000000e+00
0.000000000000000000e+00
-1.450356818607208353e+01
9.553275159720413523e-01
0.000000000000000000e+00
0.000000000000000000e+00
0.000000000000000000e+00
3.211482447338659618e+00
1.070005462888294456e+00
0.000000000000000000e+00
0.000000000000000000e+00
0.000000000000000000e+00
-1.827557478101313304e+00
9.896932760232475257e-01
0.000000000000000000e+00
0.000000000000000000e+00
0.000000000000000000e+00
