-3.942164706598572987e+00
4.486789196517385108e+02
-4.327742091604474872e+00
-3.942164706598572987e+00
-4.815378732587640265e+00
-2.395204007871182261e-01
3.260323589934491224e+02
1.289342344353676950e-01
-2.395204007871182261e-01
-1.875857343060936211e+00
8.204356940140153043e+00
2.234834617106585029e+02
8.370640607306249592e+00
8.204356940140153043e+00
1.031755532693994049e+01
-1.536703103251576863e+01
9.907218121800987376e+00
-1.840675365959868515e+01
-2.048354133883668382e+00
-4.413032920273133897e+01
-4.281501890827544088e+01
2.534227852041598439e+01
-3.612039539845105196e+01
-7.060988463952706695e+01
3.535862773557457928e+01
7.105554716220704670e+00
6.473783571080954147e+00
6.316133623789821350e+00
1.118447880540335326e+01
-2.450933045908571728e+01
-1.173561498404253101e+01
1.030665707526190005e+02
-1.173771235936897384e+01
-4.265662415158185006e+00
-1.295742599617480906e+01
-5.350407278098581187e+00
7.973932857834043375e+01
-5.348185695941269913e+00
-2.944465957095349040e+01
-1.969373327823094755e+01
1.021015313586020046e+00
7.218559457893061904e+01
1.022211843145539589e+00
3.325827352803839787e+00
3.581268473895531201e+01
0.000000000000000000e+00
1.414213562373095101e+02
0.000000000000000000e+00
0.000000000000000000e+00
0.000000000000000000e+00
0.000000000000000000e+00
1.414213562373095101e+02
0.000000000000000000e+00
0.000000000000000000e+00
0.000000000000000000e+00
0.000000000000000000e+00
1.414213562373095101e+02
0.000000000000000000e+00
0.000000000000000000e+00
0.000000000000000000e+00
0.000000000000000000e+00
1.414213562373095101e+02
0.000000000000000000e+00
0.000000000000000000e+00
0.000000000000000000e+00
0.000000000000000000e+00
1.414213562373095101e+02
0.000000000000000000e+00
0.000000000000000000e+00
0.000000000000000000e+00
0.000000000000000000e+00
1.414213562373095101e+02
0.000000000000000000e+00
0.000000000000000000e+00
0.000000000000000000e+00
