-2.326174243445365519e+01
3.481469967838335400e+00
-2.528087090055084474e+01
-1.884099766784903451e+01
-2.166198707883317454e+01
2.128388252467478381e+01
3.274118580489277619e+00
2.328077767882948024e+01
1.716277768444625806e+01
1.932681167269534228e+01
-2.012755568090168623e+01
3.080265346567987894e+00
-2.192852237623616318e+01
-1.641822296131226366e+01
-1.832585243564718525e+01
-2.245065179974108460e+01
1.735065981891421583e+00
-2.358289988994476971e+01
-1.790090723078764512e+01
-2.181752513704840624e+01
1.153967605731072865e+01
1.769967045379428505e+00
1.280823547666819451e+01
6.572413889907620543e+00
1.056713860152700768e+01
-9.511212661635109811e+00
1.726277742842028617e+00
-1.071491447596303104e+01
-4.910951067835412687e+00
-8.422407625693399069e+00
-8.996804736241301725e+00
1.372092722803034404e+00
-9.115892634712027487e+00
-6.998599678233544452e+00
-8.957864424415941329e+00
1.073681864766945937e+00
1.377996974780374417e+00
1.218245784366187801e+00
-1.054279833935435118e+00
1.019152057960901692e+00
-1.205844088471522246e+00
1.398278972349126015e+00
-1.346484184936220796e+00
7.680893981238168244e-01
-1.160708860682800880e+00
-4.808110153793457187e+00
2.149290502761711963e+00
-4.463996647676828466e+00
-2.676569696347083749e+00
-4.921613995993178392e+00
1.080912161438504882e+00
2.044351388929400493e+00
7.278585608064433998e-01
-1.032563194370757831e+00
1.141772293805250804e+00
-5.802988289704329894e+00
2.160337597530206377e+00
-5.442950724908441451e+00
-3.946218166741723987e+00
-5.638804293797870848e+00
-5.845132061486272512e+00
1.175308995518836142e+01
-6.424310577939351674e+00
2.331252502726403608e-01
-1.540025468749595738e+01
1.597780032889921742e+01
9.402520344176970468e+00
1.639000366268829367e+01
1.116029875739090294e+01
7.570763762010211728e+00
5.483630500601274882e+00
9.662900741342504318e+00
5.042224939201402023e+00
1.068874427917097414e+01
-3.108448027528486479e-01
