-2.293777764752070070e+01
2.166177115762826788e-01
0.000000000000000000e+00
0.000000000000000000e+00
0.000000000000000000e+00
1.466847854473681600e+01
2.176859014105279599e-01
0.000000000000000000e+00
0.000000000000000000e+00
0.000000000000000000e+00
-1.368941876397002133e+01
2.069520907695049372e-01
0.000000000000000000e+00
0.000000000000000000e+00
0.000000000000000000e+00
-1.962554081775924075e+01
9.673915749938806485e-02
0.000000000000000000e+00
0.000000000000000000e+00
0.000000000000000000e+00
9.581351638359855372e+00
9.717573900464972214e-02
0.000000000000000000e+00
0.000000000000000000e+00
0.000000000000000000e+00
-9.636218870062295494e+00
9.539689031447276535e-02
0.000000000000000000e+00
0.000000000000000000e+00
0.000000000000000000e+00
-9.042397989904989331e+00
6.794689578479623515e-02
0.000000000000000000e+00
0.000000000000000000e+00
0.000000000000000000e+00
1.544982356612666807e+00
6.828682738229997773e-02
0.000000000000000000e+00
0.000000000000000000e+00
0.000000000000000000e+00
-3.614739486147479308e+00
6.734821464053715456e-02
0.000000000000000000e+00
0.000000000000000000e+00
0.000000000000000000e+00
-4.149591549357071862e+00
1.027053600573072101e-01
0.000000000000000000e+00
0.000000000000000000e+00
0.000000000000000000e+00
7.417809479976680276e-01
1.007976797873186559e-01
0.000000000000000000e+00
0.000000000000000000e+00
0.000000000000000000e+00
-1.734093513043222679e+00
1.021477988009262122e-01
0.000000000000000000e+00
0.000000000000000000e+00
0.000000000000000000e+00
-2.204820716448790741e+00
2.884509049700321737e-01
0.000000000000000000e+00
0.000000000000000000e+00
0.000000000000000000e+00
1.247126404056779547e+00
2.850798203419879773e-01
0.000000000000000000e+00
0.000000000000000000e+00
0.000000000000000000e+00
-8.426488066678659017e-01
2.869337289190804774e-01
0.000000000000000000e+00
0.000000000000000000e+00
0.000000000000000000e+00
