-1.343750924107164124e+01
1.659417101500432645e+00
-1.483141806936745510e+01
-1.018650934975007871e+01
-1.238348425854478663e+01
4.292206731013318510e+00
1.618397377703533868e+00
5.963491243988716661e+00
7.116521242913985690e-01
2.703329563363440435e+00
-1.119960430099103199e+01
1.664167667802107120e+00
-1.277516303213114490e+01
-7.803830590688577651e+00
-9.125957206114668097e+00
-1.366493017146563815e+01
1.026410426903271444e+00
-1.420664153322880630e+01
-1.082185470924183157e+01
-1.324343405691316455e+01
3.341867219616666329e+00
1.038084743823216582e+00
3.952709442717407207e+00
2.611434323495136489e-01
2.928719039230342602e+00
-6.467084117576334279e+00
1.049842046528591366e+00
-7.051354404191731540e+00
-3.618331708379630918e+00
-5.784046083550239636e+00
-1.822083341277964896e+00
9.222011138901885507e-01
-2.006834580454648798e+00
-2.408677271506713957e-01
-1.819738908519419773e+00
-3.043177924816173441e+00
9.427439099543972745e-01
-2.842116783947353564e+00
-4.615059497855666493e+00
-3.086781274391456442e+00
-1.967360090785298610e+00
9.111549009275549116e-01
-2.149765767074709899e+00
-5.898262468229273914e-01
-1.993712444487863111e+00
-8.178987082455766444e-01
1.645117984791624632e+00
-8.545600447855221660e-01
-1.696711182051410471e+00
-9.381248617038064896e-01
-2.038726493749811741e+00
1.652564641913541577e+00
-1.988462173651297071e+00
-1.196793920235617925e+00
-2.190847618450649126e+00
-2.723900282967766984e+00
1.655865153612208429e+00
-2.771870892964005240e+00
-3.463669764850443755e+00
-2.661214096647042116e+00
7.464915034391916393e+00
7.634444665282188680e+00
7.407500818216393057e+00
1.123533009881282112e+02
2.214500658826219937e+00
1.030128314502157671e+01
6.912901964903809038e+00
1.034316891521305948e+01
-6.732497760612422155e+01
1.268112882730868485e+01
8.709247255725239611e+00
7.462650685899019365e+00
8.663167927715615946e+00
8.969916966599087971e+01
1.341484129932944747e+01
