-1.491002954872933017e+01
9.025830924735708805e-02
0.000000000000000000e+00
0.000000000000000000e+00
0.000000000000000000e+00
3.219067735160848098e+00
9.202791537506177511e-02
0.000000000000000000e+00
0.000000000000000000e+00
0.000000000000000000e+00
-8.431729714074391424e+00
8.627211253963205928e-02
0.000000000000000000e+00
0.000000000000000000e+00
0.000000000000000000e+00
-1.118731630586477088e+01
4.964977751972432518e-02
0.000000000000000000e+00
0.000000000000000000e+00
0.000000000000000000e+00
-7.375659917755501560e-01
5.089275303879339102e-02
0.000000000000000000e+00
0.000000000000000000e+00
0.000000000000000000e+00
-6.008821286837354947e+00
4.883045441484745730e-02
0.000000000000000000e+00
0.000000000000000000e+00
0.000000000000000000e+00
-3.304318232374483522e+00
4.279429333741244929e-02
0.000000000000000000e+00
0.000000000000000000e+00
0.000000000000000000e+00
-3.954577160945849101e+00
4.348123188076673945e-02
0.000000000000000000e+00
0.000000000000000000e+00
0.000000000000000000e+00
-2.747816311909022868e+00
4.282997688550429366e-02
0.000000000000000000e+00
0.000000000000000000e+00
0.000000000000000000e+00
1.773613946053583523e-01
8.233140331445192028e-02
0.000000000000000000e+00
0.000000000000000000e+00
0.000000000000000000e+00
-1.703961025499779014e+00
8.209838789884857380e-02
0.000000000000000000e+00
0.000000000000000000e+00
0.000000000000000000e+00
-1.513166801650479565e+00
8.189278702342921157e-02
0.000000000000000000e+00
0.000000000000000000e+00
0.000000000000000000e+00
2.106780622215295384e+00
2.758572891748136136e-01
0.000000000000000000e+00
0.000000000000000000e+00
0.000000000000000000e+00
-3.405840376055387364e-01
2.754631130082675350e-01
0.000000000000000000e+00
0.000000000000000000e+00
0.000000000000000000e+00
-5.952652748038045338e-01
2.741523557979672066e-01
0.000000000000000000e+00
0.000000000000000000e+00
0.000000000000000000e+00
