-0.0357 0.0353 -0.0272 0.0272 0.014
-0.0373 0.0369 -0.0284 0.0284 0.0146
-0.0399 0.0395 -0.0305 0.0305 0.0157
-0.0429 0.0425 -0.0313 0.0313 0.0161
-0.0457 0.0452 -0.0333 0.0333 0.0171
-0.0472 0.0477 -0.0342 0.0342 0.0176
-0.0491 0.0495 -0.0356 0.0356 0.0183
-0.0592 0.0596 -0.0367 0.0367 0.0189
-0.0632 0.0636 -0.0391 0.0391 0.0201
-0.077 0.0774 -0.0402 0.0402 0.0207
-0.0805 0.0809 -0.042 0.042 0.0216
-0.0952 0.0949 -0.0428 0.0428 0.022
-0.0971 0.0968 -0.0437 0.0437 0.0224
-0.1112 0.1109 -0.0454 0.0454 0.0233
-0.1263 0.1262 -0.0473 0.0473 0.0243
-0.1252 0.125 -0.0481 0.0481 0.0247
-0.1153 0.1151 -0.0486 0.0486 0.025
-0.1021 0.1014 -0.0482 0.0482 0.0248
-0.0951 0.0957 -0.0481 0.0481 0.0247
-0.083 0.093 -0.048 0.048 0.025
-0.078 0.091 -0.047 0.047 0.024
-0.08 0.092 -0.048 0.048 0.025
-0.092 0.104 -0.049 0.049 0.025
-0.0956 0.108 -0.0508 0.0508 0.026
-0.097 0.109 -0.051 0.051 0.026
-0.095 0.108 -0.051 0.051 0.026
-0.096 0.108 -0.051 0.051 0.026
-0.101 0.114 -0.053 0.053 0.027
-0.101 0.114 -0.054 0.053 0.028
-0.101 0.114 -0.053 0.053 0.027
-0.101 0.114 -0.053 0.053 0.027
-0.101 0.114 -0.053 0.053 0.027
-0.101 0.114 -0.053 0.053 0.027
    
 
