0.028235 -0.012257 0.010094
0.030336 -0.013092 0.010781
0.033154 -0.01424 0.011727
0.037549 -0.014998 0.012351
0.038646 -0.01552 0.012781
0.046168 -0.016315 0.013436
0.051398 -0.01695 0.013959
0.061535 -0.017547 0.01445
0.061521 -0.017546 0.01445
0.06991 -0.017535 0.014441
0.068997 -0.017307 0.014253
0.071398 -0.016042 0.013211
0.061824 -0.012963 0.010676
0.046101 -0.010256 0.008446
0.03319 -0.00873 0.00719
0.0271 -0.00803 0.00661
0.0229 -0.00786 0.00647
0.02159 -0.00815 0.00671
0.02519 -0.0095 0.00782
0.0312 -0.01057 0.0087
0.036 -0.0122 0.01
0.0411 -0.0139 0.0114
0.0454 -0.0154 0.0127
0.0488 -0.0165 0.0136
0.054 -0.0183 0.015
0.0596 -0.0206 0.0169
0.0649 -0.0223 0.0184
0.0685 -0.0235 0.0193
0.0744 -0.0255 0.021
0.08 -0.027 0.022
0.081 -0.027 0.023
0.082 -0.028 0.023
0.089 -0.03 0.025
0.092 -0.031 0.025
0.09 -0.03 0.025
 
