-2.244512986867373883e+01
1.045237857979144813e+00
-2.199548664430020395e+01
-2.356176186777861759e+01
-2.241523345649092391e+01
1.707243141366717865e+01
9.997400191086882604e-01
1.667517717415691081e+01
1.822689656593044916e+01
1.673030338607258827e+01
-9.563140841518556812e+00
1.009978379377790114e+00
-9.144162542628658130e+00
-1.076163750500334970e+01
-8.977403843378178649e+00
-2.049585147908824112e+01
5.302664227194944235e-01
-2.052761761016648023e+01
-1.944660304013392960e+01
-2.033110222722990912e+01
1.144388573780020835e+01
5.368543778579918380e-01
1.149632414593109253e+01
1.033674901314045513e+01
1.121663865577016850e+01
-6.255085685666908368e+00
5.337767741667143184e-01
-6.307608643222920364e+00
-5.179926527215059195e+00
-5.889753157325905875e+00
-1.027962680306166554e+01
4.528010947291931654e-01
-1.040714441068857354e+01
-1.075692943728563478e+01
-1.031462296859799288e+01
3.790390624957499455e+00
4.509845130786107603e-01
3.938511630652322015e+00
4.268079881098700845e+00
3.759893572651943572e+00
-3.427023364830249719e+00
4.513399615869805870e-01
-3.573128481777108956e+00
-3.845542316465967669e+00
-3.384879606054621348e+00
-5.591868369411330697e+00
6.758302631936793370e-01
-5.665319424522196279e+00
-5.882625695707602631e+00
-5.604455645169102773e+00
2.687687855501940781e+00
6.795042622860111292e-01
2.772013176456707306e+00
2.964830790853243414e+00
2.664903455529280318e+00
-8.372911757245254938e-01
6.732744171685834944e-01
-9.212019076164204012e-01
-1.085713871177852452e+00
-8.316615953889515689e-01
-5.016036781455374793e+00
1.792540478850222385e+00
-5.225693834740300581e+00
-5.863454545429202192e+00
-5.072704576210757210e+00
6.987063747097575828e+00
1.742121796245054144e+00
7.201534183614209716e+00
7.771543739374093818e+00
7.039933441112316004e+00
-3.308500658948267059e+00
1.768418559598457174e+00
-3.521304501357659156e+00
-4.024183161869375525e+00
-3.272288562530182965e+00
