-2.316304916795926516e+01
9.162802888018113656e-02
0.000000000000000000e+00
0.000000000000000000e+00
0.000000000000000000e+00
1.709906287965407401e+01
8.849935746902906630e-02
0.000000000000000000e+00
0.000000000000000000e+00
0.000000000000000000e+00
-9.102360133960244681e+00
8.909224314512931286e-02
0.000000000000000000e+00
0.000000000000000000e+00
0.000000000000000000e+00
-2.062959162555925730e+01
3.880588136873059507e-02
0.000000000000000000e+00
0.000000000000000000e+00
0.000000000000000000e+00
1.310937949752107912e+01
3.784287647267674248e-02
0.000000000000000000e+00
0.000000000000000000e+00
0.000000000000000000e+00
-6.937208465323554840e+00
3.784711498599277468e-02
0.000000000000000000e+00
0.000000000000000000e+00
0.000000000000000000e+00
-1.117278238622168018e+01
2.898214922712940428e-02
0.000000000000000000e+00
0.000000000000000000e+00
0.000000000000000000e+00
6.317062292659763045e+00
2.804773465438388860e-02
0.000000000000000000e+00
0.000000000000000000e+00
0.000000000000000000e+00
-3.385413750476521599e+00
2.783122229535133635e-02
0.000000000000000000e+00
0.000000000000000000e+00
0.000000000000000000e+00
-5.775585862003815407e+00
3.787579764124716919e-02
0.000000000000000000e+00
0.000000000000000000e+00
0.000000000000000000e+00
3.522540931963970223e+00
3.721572093100019435e-02
0.000000000000000000e+00
0.000000000000000000e+00
0.000000000000000000e+00
-1.510732354050529747e+00
3.715936832013558289e-02
0.000000000000000000e+00
0.000000000000000000e+00
0.000000000000000000e+00
-3.673402737555572894e+00
1.012430876726086171e-01
0.000000000000000000e+00
0.000000000000000000e+00
0.000000000000000000e+00
2.444553888681711307e+00
1.005053322601023452e-01
0.000000000000000000e+00
0.000000000000000000e+00
0.000000000000000000e+00
-8.042630463849206324e-01
1.004242212335343942e-01
0.000000000000000000e+00
0.000000000000000000e+00
0.000000000000000000e+00
