-1.082556793025500319e+01
7.239053297385810160e-01
-1.087872686826723623e+01
-1.045026658629579863e+01
-1.082733739538762840e+01
5.931432594298001071e+00
7.110242556630514965e-01
6.067915091639881631e+00
5.535922955168834036e+00
5.908020568347335910e+00
-3.627911761807277813e+00
7.151754255981193076e-01
-3.763783594214911599e+00
-3.241474495902094244e+00
-3.551201463484948917e+00
-1.085421112644100461e+01
3.828109116281150359e-01
-1.083814834697454010e+01
-1.023903830262378989e+01
-1.084789566457305376e+01
4.711693292358843266e+00
3.904101839444275579e-01
4.713263373864336359e+00
4.079942866788742961e+00
4.699051942650882552e+00
-6.793018598901632288e-01
3.833705328090643016e-01
-6.820530006466020145e-01
-8.305135457532651644e-02
-6.746667241867145837e-01
-6.473478407362201814e+00
3.321343014286782247e-01
-6.620345048840020397e+00
-5.807102165947379824e+00
-6.470111697779761251e+00
2.267029009326905875e+00
3.344797476793529012e-01
2.428526065194009931e+00
1.588012648765873003e+00
2.258133097711679582e+00
-1.036626527672606768e+00
3.335494589568383517e-01
-1.198495070026301290e+00
-3.736387036040735299e-01
-1.033099254842051229e+00
-4.387557089862309745e+00
5.018945435561449342e-01
-4.416016202646516398e+00
-3.890862599952061629e+00
-4.390712915922511783e+00
2.412751887120807126e+00
4.953604470185669628e-01
2.450121506959995976e+00
1.929193716606005360e+00
2.409130403219609917e+00
-1.009847878576801028e+00
5.019429031200698388e-01
-1.047189120162562714e+00
-5.418710782062609033e-01
-9.802592436821213617e-01
-2.553245918796759106e+00
1.228252132393656826e+00
-2.351259387309193816e+00
-3.437885064073837427e+00
-2.554574529867181365e+00
4.503378145148483114e+00
1.190019818156458076e+00
4.312853008784152564e+00
5.347691914491527143e+00
4.508723653502870299e+00
-1.959038810371211525e+00
1.205256567246135724e+00
-1.768507616829342766e+00
-2.779301539032635215e+00
-1.915414096673864419e+00
