-9.388776664010903161e+00
7.733330078990281742e-02
0.000000000000000000e+00
0.000000000000000000e+00
0.000000000000000000e+00
6.313408327514813401e+00
7.437494732775849771e-02
0.000000000000000000e+00
0.000000000000000000e+00
0.000000000000000000e+00
-1.249435255762919583e+00
7.583015645126997550e-02
0.000000000000000000e+00
0.000000000000000000e+00
0.000000000000000000e+00
-9.717383252807763938e+00
2.984260853419407403e-02
0.000000000000000000e+00
0.000000000000000000e+00
0.000000000000000000e+00
5.478255579954357302e+00
2.934866077148737262e-02
0.000000000000000000e+00
0.000000000000000000e+00
0.000000000000000000e+00
-1.154020596492283168e+00
2.932457153645294523e-02
0.000000000000000000e+00
0.000000000000000000e+00
0.000000000000000000e+00
-6.705704819455370114e+00
2.010888855611798684e-02
0.000000000000000000e+00
0.000000000000000000e+00
0.000000000000000000e+00
3.641677104401508380e+00
1.990266524599687559e-02
0.000000000000000000e+00
0.000000000000000000e+00
0.000000000000000000e+00
-8.071794812717127954e-01
1.988990998230452667e-02
0.000000000000000000e+00
0.000000000000000000e+00
0.000000000000000000e+00
-3.998839106033712287e+00
2.718362056330591095e-02
0.000000000000000000e+00
0.000000000000000000e+00
0.000000000000000000e+00
2.366238433417150233e+00
2.700478233566094496e-02
0.000000000000000000e+00
0.000000000000000000e+00
0.000000000000000000e+00
-3.832906182222945435e-01
2.698478682216902749e-02
0.000000000000000000e+00
0.000000000000000000e+00
0.000000000000000000e+00
-2.646606891958763974e+00
7.059386149720826842e-02
0.000000000000000000e+00
0.000000000000000000e+00
0.000000000000000000e+00
2.016732927440476164e+00
6.988734693673592790e-02
0.000000000000000000e+00
0.000000000000000000e+00
0.000000000000000000e+00
-1.975262491948474031e-01
6.980673149564127489e-02
0.000000000000000000e+00
0.000000000000000000e+00
0.000000000000000000e+00
