-2.295215958311638005e+01
1.343303653075256898e+00
-2.267139132276038893e+01
-2.364564489825329119e+01
-2.267665674269360210e+01
1.601039965039089807e+01
1.295727377712018402e+00
1.584535674287099383e+01
1.673023718244370528e+01
1.533847839535848401e+01
-1.129280138556591417e+01
1.309506385874338763e+00
-1.111945632114202986e+01
-1.201752664495312573e+01
-1.032069079994490934e+01
-2.299107001437806375e+01
6.790438837447992926e-01
-2.297970189217526737e+01
-2.125481896950251226e+01
-2.282075303672830557e+01
1.124619619941049464e+01
6.856840729922012434e-01
1.124672747279766227e+01
9.359316431267682646e+00
1.093472685765959262e+01
-7.235884152547769510e+00
6.823611702530235634e-01
-7.237195654930400401e+00
-5.451823789341477600e+00
-6.784112155157274060e+00
-1.034174127292740586e+01
5.422400037111879678e-01
-1.047851802122027109e+01
-1.036331402605228647e+01
-1.033357447224957859e+01
1.833665449246999923e+00
5.436054033357096138e-01
1.997425995926896292e+00
1.843003042148248394e+00
1.814244830231865890e+00
-2.994626816871496899e+00
5.443960919920769470e-01
-3.153705957708528018e+00
-2.979665367556444622e+00
-2.966218834534506410e+00
-6.344943336472570472e+00
7.654204875798610308e-01
-6.315572323911365693e+00
-6.456738308631903678e+00
-6.360435718866855659e+00
7.262380442402359693e-01
7.637131190771043743e-01
7.095721618957427923e-01
8.425211210841985210e-01
7.254569254729196226e-01
-1.337338880032794775e+00
7.737121116556013867e-01
-1.320862684145827526e+00
-1.448337206483919060e+00
-1.339122253948783703e+00
-4.806806095329500650e+00
2.002613927988317499e+00
-5.369691157139763860e+00
-4.550764018217483553e+00
-4.875113384831143648e+00
4.773304367664949588e+00
1.925729219675318182e+00
5.338585118914139116e+00
4.475119372631525039e+00
4.823356279377928324e+00
-3.487981792755824095e+00
2.008211497386227506e+00
-4.087148677279406783e+00
-3.090350968022116174e+00
-3.160639938448424502e+00
