-2.537441970900349375e+01
1.148868426784004082e-01
0.000000000000000000e+00
0.000000000000000000e+00
0.000000000000000000e+00
1.612499197442377863e+01
1.124842170683879594e-01
0.000000000000000000e+00
0.000000000000000000e+00
0.000000000000000000e+00
-1.031300294081073687e+01
1.131052008195383568e-01
0.000000000000000000e+00
0.000000000000000000e+00
0.000000000000000000e+00
-2.232926567262643047e+01
4.811355949425201450e-02
0.000000000000000000e+00
0.000000000000000000e+00
0.000000000000000000e+00
1.167068726613137386e+01
4.771038145234636485e-02
0.000000000000000000e+00
0.000000000000000000e+00
0.000000000000000000e+00
-7.097347460981977108e+00
4.751694333888754201e-02
0.000000000000000000e+00
0.000000000000000000e+00
0.000000000000000000e+00
-1.136434250181314276e+01
3.282411376539846881e-02
0.000000000000000000e+00
0.000000000000000000e+00
0.000000000000000000e+00
4.183230790947352062e+00
3.174131619366948875e-02
0.000000000000000000e+00
0.000000000000000000e+00
0.000000000000000000e+00
-2.923738540420163901e+00
3.201174559797881347e-02
0.000000000000000000e+00
0.000000000000000000e+00
0.000000000000000000e+00
-5.911401610608583823e+00
3.910921120413500540e-02
0.000000000000000000e+00
0.000000000000000000e+00
0.000000000000000000e+00
1.988980889759593973e+00
3.878405445772487026e-02
0.000000000000000000e+00
0.000000000000000000e+00
0.000000000000000000e+00
-1.259266939290750953e+00
3.868466398291717234e-02
0.000000000000000000e+00
0.000000000000000000e+00
0.000000000000000000e+00
-3.297398961229922598e+00
1.027424693676210338e-01
0.000000000000000000e+00
0.000000000000000000e+00
0.000000000000000000e+00
1.671449284073433628e+00
1.016343132189612003e-01
0.000000000000000000e+00
0.000000000000000000e+00
0.000000000000000000e+00
-5.269682398355927111e-01
1.019077888314576380e-01
0.000000000000000000e+00
0.000000000000000000e+00
0.000000000000000000e+00
