-2.949435044537663231e+01
2.656832598659247591e+00
-3.108629326271332260e+01
-2.336530283925065277e+01
-2.823980963961379587e+01
2.184355760669951962e+01
2.621002692920328503e+00
2.352921218927136238e+01
1.556969426228746478e+01
2.037417807828914462e+01
-1.696209906880675078e+01
2.649967749412551310e+00
-1.863205184420737126e+01
-1.093337705888840716e+01
-1.541711495013912447e+01
-2.133332250582573053e+01
1.395395658385871096e+00
-2.231105671941014279e+01
-1.781723039859633317e+01
-2.085927520937363155e+01
1.391229231249148057e+01
1.362439411128130606e+00
1.499147768574691852e+01
1.015897162353913785e+01
1.306618083688138299e+01
-1.112921615144335163e+01
1.369880738185219382e+00
-1.217030067996637932e+01
-7.598919111614164557e+00
-1.008382184417386185e+01
-1.024671404367031613e+01
1.228137934213285876e+00
-1.094081263045775820e+01
-8.745235258311236493e+00
-9.829170970661561313e+00
5.889894306801431334e+00
1.212584487535371958e+00
6.602533400701638300e+00
4.370120345572770404e+00
5.747408339173343705e+00
-3.723378484329714411e+00
1.237046512781360574e+00
-4.414063540671183894e+00
-2.254472695199018606e+00
-3.656268840913970308e+00
-5.266992528692261644e+00
1.997021448356302908e+00
-5.202631138332089122e+00
-3.040003859185558710e+00
-5.393850633961321250e+00
4.619137444824788497e-01
1.951137442933224886e+00
3.935772310634320093e-01
-1.930895958396442680e+00
8.531938679960087146e-01
-7.713284731891407731e+00
2.065667262815335192e+00
-7.644788837033115847e+00
-5.559991634120098780e+00
-7.524406863646388111e+00
-2.653828481143291729e+00
5.697809532351564066e+00
-3.621518101898070441e+00
2.298692495288473747e+00
-3.226073872485747174e+00
9.593228520949201865e+00
5.680035344899782679e+00
1.035359664500048815e+01
5.667339623753966826e+00
9.334969256480778910e+00
4.335404331173246639e+00
5.209429260121915206e+00
3.361811752175299706e+00
9.124005317928899572e+00
3.980965210443085489e+00
