-2.525135334709899126e+01
1.808994922223522983e-01
0.000000000000000000e+00
0.000000000000000000e+00
0.000000000000000000e+00
1.727082117156511387e+01
1.791629726954102608e-01
0.000000000000000000e+00
0.000000000000000000e+00
0.000000000000000000e+00
-1.425029751498268027e+01
1.739859915699937254e-01
0.000000000000000000e+00
0.000000000000000000e+00
0.000000000000000000e+00
-2.180553590394844576e+01
8.230755347789510401e-02
0.000000000000000000e+00
0.000000000000000000e+00
0.000000000000000000e+00
1.327550945346253641e+01
8.197067786978957937e-02
0.000000000000000000e+00
0.000000000000000000e+00
0.000000000000000000e+00
-1.132626496330287225e+01
8.071310271794278346e-02
0.000000000000000000e+00
0.000000000000000000e+00
0.000000000000000000e+00
-1.088155246352727801e+01
6.503934035836023142e-02
0.000000000000000000e+00
0.000000000000000000e+00
0.000000000000000000e+00
5.396854054761321073e+00
6.387345792941713507e-02
0.000000000000000000e+00
0.000000000000000000e+00
0.000000000000000000e+00
-5.269849673510372590e+00
6.349439833434306069e-02
0.000000000000000000e+00
0.000000000000000000e+00
0.000000000000000000e+00
-5.529588257531266038e+00
1.084140594583276607e-01
0.000000000000000000e+00
0.000000000000000000e+00
0.000000000000000000e+00
3.085497338773470322e+00
1.059987897900616094e-01
0.000000000000000000e+00
0.000000000000000000e+00
0.000000000000000000e+00
-2.774436301154217244e+00
1.067513125918021916e-01
0.000000000000000000e+00
0.000000000000000000e+00
0.000000000000000000e+00
-3.004432482638272894e+00
3.057845654094293320e-01
0.000000000000000000e+00
0.000000000000000000e+00
0.000000000000000000e+00
2.537093566933779965e+00
3.039950418494958839e-01
0.000000000000000000e+00
0.000000000000000000e+00
0.000000000000000000e+00
-1.492761910812961945e+00
3.003897783033422364e-01
0.000000000000000000e+00
0.000000000000000000e+00
0.000000000000000000e+00
