-2.382223733842254276e+01
3.597809562269262407e-01
0.000000000000000000e+00
0.000000000000000000e+00
0.000000000000000000e+00
1.994957271247776021e+01
3.479118987952074527e-01
0.000000000000000000e+00
0.000000000000000000e+00
0.000000000000000000e+00
-1.774165380108210144e+01
3.395066482328251700e-01
0.000000000000000000e+00
0.000000000000000000e+00
0.000000000000000000e+00
-3.872470973736520250e+01
5.401532441565780329e-02
0.000000000000000000e+00
0.000000000000000000e+00
0.000000000000000000e+00
2.932442298030257888e+01
5.138898203952999011e-02
0.000000000000000000e+00
0.000000000000000000e+00
0.000000000000000000e+00
-2.267337046817048218e+01
5.190631641383289252e-02
0.000000000000000000e+00
0.000000000000000000e+00
0.000000000000000000e+00
-4.020128585310984448e+01
2.846238031427259993e-02
0.000000000000000000e+00
0.000000000000000000e+00
0.000000000000000000e+00
2.812888305285959234e+01
2.827689034086185160e-02
0.000000000000000000e+00
0.000000000000000000e+00
0.000000000000000000e+00
-1.912318897856017230e+01
2.860056095629093589e-02
0.000000000000000000e+00
0.000000000000000000e+00
0.000000000000000000e+00
-2.229178338794115533e+01
2.097602931788952740e-02
0.000000000000000000e+00
0.000000000000000000e+00
0.000000000000000000e+00
1.133569722197463747e+01
2.075477923546977660e-02
0.000000000000000000e+00
0.000000000000000000e+00
0.000000000000000000e+00
-5.864676006179252887e+00
2.077666962595280456e-02
0.000000000000000000e+00
0.000000000000000000e+00
0.000000000000000000e+00
-1.798287992980232630e+01
2.662841260409033392e-02
0.000000000000000000e+00
0.000000000000000000e+00
0.000000000000000000e+00
7.612602589600335534e+00
2.633896056484422155e-02
0.000000000000000000e+00
0.000000000000000000e+00
0.000000000000000000e+00
-3.260084353180511929e+00
2.635716557770830665e-02
0.000000000000000000e+00
0.000000000000000000e+00
0.000000000000000000e+00
-1.517869806336797822e+01
3.786616522839189591e-02
0.000000000000000000e+00
0.000000000000000000e+00
0.000000000000000000e+00
5.119734330320127924e+00
3.756313288405928319e-02
0.000000000000000000e+00
0.000000000000000000e+00
0.000000000000000000e+00
-1.744287681686160330e+00
3.756413396056854093e-02
0.000000000000000000e+00
0.000000000000000000e+00
0.000000000000000000e+00
-1.475577261584644084e+01
4.130592622442585266e-02
0.000000000000000000e+00
0.000000000000000000e+00
0.000000000000000000e+00
4.809722486541835984e+00
4.102068461380262154e-02
0.000000000000000000e+00
0.000000000000000000e+00
0.000000000000000000e+00
-1.545805625182275378e+00
4.095424628531453559e-02
0.000000000000000000e+00
0.000000000000000000e+00
0.000000000000000000e+00
-1.424455805988980117e+01
4.534661232306235606e-02
0.000000000000000000e+00
0.000000000000000000e+00
0.000000000000000000e+00
4.505242191369307037e+00
4.496632281782432516e-02
0.000000000000000000e+00
0.000000000000000000e+00
0.000000000000000000e+00
-1.356573131552851086e+00
4.480124813147399326e-02
0.000000000000000000e+00
0.000000000000000000e+00
0.000000000000000000e+00
-1.407447952366930899e+01
4.980289837706076972e-02
0.000000000000000000e+00
0.000000000000000000e+00
0.000000000000000000e+00
4.207466150959908724e+00
4.951408994914943684e-02
0.000000000000000000e+00
0.000000000000000000e+00
0.000000000000000000e+00
-1.214540951210022701e+00
4.928144301711753078e-02
0.000000000000000000e+00
0.000000000000000000e+00
0.000000000000000000e+00
-1.376667730109270593e+01
5.506198191107469081e-02
0.000000000000000000e+00
0.000000000000000000e+00
0.000000000000000000e+00
3.967549113260945948e+00
5.474222980830242835e-02
0.000000000000000000e+00
0.000000000000000000e+00
0.000000000000000000e+00
-1.060765155203192256e+00
5.453397861582637285e-02
0.000000000000000000e+00
0.000000000000000000e+00
0.000000000000000000e+00
-1.348763539490281893e+01
6.122466542448209981e-02
0.000000000000000000e+00
0.000000000000000000e+00
0.000000000000000000e+00
3.686338535370210057e+00
6.091381558810753799e-02
0.000000000000000000e+00
0.000000000000000000e+00
0.000000000000000000e+00
-8.734977517240184453e-01
6.080319811916932993e-02
0.000000000000000000e+00
0.000000000000000000e+00
0.000000000000000000e+00
-1.328644299124795936e+01
6.803757254697462287e-02
0.000000000000000000e+00
0.000000000000000000e+00
0.000000000000000000e+00
3.406988551707798685e+00
6.788653038442732379e-02
0.000000000000000000e+00
0.000000000000000000e+00
0.000000000000000000e+00
-5.453281885490155467e-01
6.775074389837089373e-02
0.000000000000000000e+00
0.000000000000000000e+00
0.000000000000000000e+00
-1.287161475390414012e+01
7.707131075666172337e-02
0.000000000000000000e+00
0.000000000000000000e+00
0.000000000000000000e+00
3.385932297179827799e+00
7.653613159557505485e-02
0.000000000000000000e+00
0.000000000000000000e+00
0.000000000000000000e+00
-4.735495557528686672e-01
7.627676701988661545e-02
0.000000000000000000e+00
0.000000000000000000e+00
0.000000000000000000e+00
-1.243453664795359082e+01
8.727039460820144867e-02
0.000000000000000000e+00
0.000000000000000000e+00
0.000000000000000000e+00
3.167125369183914962e+00
8.681844167209296081e-02
0.000000000000000000e+00
0.000000000000000000e+00
0.000000000000000000e+00
-3.467278316825819218e-01
8.622438733735444949e-02
0.000000000000000000e+00
0.000000000000000000e+00
0.000000000000000000e+00
-1.224780185677906097e+01
1.000833337457146810e-01
0.000000000000000000e+00
0.000000000000000000e+00
0.000000000000000000e+00
3.137912046418236844e+00
9.949980011761877519e-02
0.000000000000000000e+00
0.000000000000000000e+00
0.000000000000000000e+00
-2.709972144355386470e-01
9.877135172619172510e-02
0.000000000000000000e+00
0.000000000000000000e+00
0.000000000000000000e+00
-1.183408367896657865e+01
1.145184683496694861e-01
0.000000000000000000e+00
0.000000000000000000e+00
0.000000000000000000e+00
2.904543859781799853e+00
1.131995797158518169e-01
0.000000000000000000e+00
0.000000000000000000e+00
0.000000000000000000e+00
-1.622934293472109435e-01
1.129689405579196448e-01
0.000000000000000000e+00
0.000000000000000000e+00
0.000000000000000000e+00
