3.956801637995410204e+01
2.399914455897835097e+01
0.000000000000000000e+00
0.000000000000000000e+00
0.000000000000000000e+00
-7.286775676473021157e+00
6.532715462026700060e+00
0.000000000000000000e+00
0.000000000000000000e+00
0.000000000000000000e+00
-4.046886936007413027e+01
1.943267004811204757e+01
0.000000000000000000e+00
0.000000000000000000e+00
0.000000000000000000e+00
-3.650257725810286047e+01
1.035008362769018087e+00
0.000000000000000000e+00
0.000000000000000000e+00
0.000000000000000000e+00
2.637149698493139738e+01
9.664806737009465909e-01
0.000000000000000000e+00
0.000000000000000000e+00
0.000000000000000000e+00
-2.107989893541559923e+01
1.036194689688589854e+00
0.000000000000000000e+00
0.000000000000000000e+00
0.000000000000000000e+00
-3.987598531886554554e+01
7.036112164132671820e-01
0.000000000000000000e+00
0.000000000000000000e+00
0.000000000000000000e+00
3.282030934473831962e+01
5.658637037594534958e-01
0.000000000000000000e+00
0.000000000000000000e+00
0.000000000000000000e+00
-1.940542520288732575e+01
6.157445028970432999e-01
0.000000000000000000e+00
0.000000000000000000e+00
0.000000000000000000e+00
-2.185702293088847981e+01
5.190904209697703164e-01
0.000000000000000000e+00
0.000000000000000000e+00
0.000000000000000000e+00
1.125966047318819108e+01
4.948653863628479366e-01
0.000000000000000000e+00
0.000000000000000000e+00
0.000000000000000000e+00
-6.596995646556104376e+00
4.944207322164119733e-01
0.000000000000000000e+00
0.000000000000000000e+00
0.000000000000000000e+00
-2.085850977333540612e+01
6.613787114015423629e-01
0.000000000000000000e+00
0.000000000000000000e+00
0.000000000000000000e+00
7.913937320623907645e+00
6.484255552741319262e-01
0.000000000000000000e+00
0.000000000000000000e+00
0.000000000000000000e+00
-6.323128606477763647e+00
6.400180081043332914e-01
0.000000000000000000e+00
0.000000000000000000e+00
0.000000000000000000e+00
-1.885701495522785009e+01
9.491277437402283468e-01
0.000000000000000000e+00
0.000000000000000000e+00
0.000000000000000000e+00
6.088029631640127448e+00
9.288482432662519273e-01
0.000000000000000000e+00
0.000000000000000000e+00
0.000000000000000000e+00
-4.855780472463979258e+00
9.417320068398922217e-01
0.000000000000000000e+00
0.000000000000000000e+00
0.000000000000000000e+00
-2.024051137924303134e+01
1.028251864447119024e+00
0.000000000000000000e+00
0.000000000000000000e+00
0.000000000000000000e+00
5.847619789451625749e+00
1.019020041863809567e+00
0.000000000000000000e+00
0.000000000000000000e+00
0.000000000000000000e+00
-3.618148511025593539e+00
1.047872382520989243e+00
0.000000000000000000e+00
0.000000000000000000e+00
0.000000000000000000e+00
-1.844546066574978838e+01
1.122164767530699381e+00
0.000000000000000000e+00
0.000000000000000000e+00
0.000000000000000000e+00
4.432749604037177882e+00
1.119533338450636739e+00
0.000000000000000000e+00
0.000000000000000000e+00
0.000000000000000000e+00
-3.409187620975013377e+00
1.135248916295267696e+00
0.000000000000000000e+00
0.000000000000000000e+00
0.000000000000000000e+00
-1.824980185123673948e+01
1.188648378307296749e+00
0.000000000000000000e+00
0.000000000000000000e+00
0.000000000000000000e+00
4.356345950202983985e+00
1.176477818131367314e+00
0.000000000000000000e+00
0.000000000000000000e+00
0.000000000000000000e+00
-2.689517479514868636e+00
1.219508792702521660e+00
0.000000000000000000e+00
0.000000000000000000e+00
0.000000000000000000e+00
-2.016412082756319890e+01
1.302769072069948297e+00
0.000000000000000000e+00
0.000000000000000000e+00
0.000000000000000000e+00
5.440506767987703718e+00
1.247434513204168649e+00
0.000000000000000000e+00
0.000000000000000000e+00
0.000000000000000000e+00
-1.121561817895832647e+00
1.337123281596035440e+00
0.000000000000000000e+00
0.000000000000000000e+00
0.000000000000000000e+00
-1.953835652864274408e+01
1.474723899122357018e+00
0.000000000000000000e+00
0.000000000000000000e+00
0.000000000000000000e+00
6.100714777409419476e+00
1.427730911306359429e+00
0.000000000000000000e+00
0.000000000000000000e+00
0.000000000000000000e+00
-1.297378239410269973e+00
1.479523464034529612e+00
0.000000000000000000e+00
0.000000000000000000e+00
0.000000000000000000e+00
-2.176707870349786234e+01
1.701133922857641423e+00
0.000000000000000000e+00
0.000000000000000000e+00
0.000000000000000000e+00
7.354901668248402302e+00
1.637266443714421538e+00
0.000000000000000000e+00
0.000000000000000000e+00
0.000000000000000000e+00
4.687585703673237125e-01
1.619171354699764143e+00
0.000000000000000000e+00
0.000000000000000000e+00
0.000000000000000000e+00
-2.264735976211759905e+01
1.773001519305423823e+00
0.000000000000000000e+00
0.000000000000000000e+00
0.000000000000000000e+00
3.713697528685566684e+00
1.934959852446615391e+00
0.000000000000000000e+00
0.000000000000000000e+00
0.000000000000000000e+00
-2.248932806389088768e+00
1.840231174001281556e+00
0.000000000000000000e+00
0.000000000000000000e+00
0.000000000000000000e+00
-2.201881536726979149e+01
2.143345145588998690e+00
0.000000000000000000e+00
0.000000000000000000e+00
0.000000000000000000e+00
4.825781550921861118e+00
2.296788139299389186e+00
0.000000000000000000e+00
0.000000000000000000e+00
0.000000000000000000e+00
-1.037261429420376357e+00
2.364475223599106890e+00
0.000000000000000000e+00
0.000000000000000000e+00
0.000000000000000000e+00
-2.731765254980945201e+01
2.509527325936351971e+00
0.000000000000000000e+00
0.000000000000000000e+00
0.000000000000000000e+00
1.262682557343711487e+01
2.522968762993352154e+00
0.000000000000000000e+00
0.000000000000000000e+00
0.000000000000000000e+00
-3.418160667666059194e+00
2.511852057946264871e+00
0.000000000000000000e+00
0.000000000000000000e+00
0.000000000000000000e+00
-2.342236392761430608e+01
3.178677885386781643e+00
0.000000000000000000e+00
0.000000000000000000e+00
0.000000000000000000e+00
1.283772505910811468e+01
3.341847103791079299e+00
0.000000000000000000e+00
0.000000000000000000e+00
0.000000000000000000e+00
-7.494822134948648795e+00
2.693221453827480794e+00
0.000000000000000000e+00
0.000000000000000000e+00
0.000000000000000000e+00
