-1.157501652155703376e+01
1.777300737792721907e-01
0.000000000000000000e+00
0.000000000000000000e+00
0.000000000000000000e+00
5.590022624543696139e+00
1.751849597036437833e-01
0.000000000000000000e+00
0.000000000000000000e+00
0.000000000000000000e+00
-4.125259603897210248e+00
1.724469193062010131e-01
0.000000000000000000e+00
0.000000000000000000e+00
0.000000000000000000e+00
-8.430577346516903603e+00
1.567822982055465386e-02
0.000000000000000000e+00
0.000000000000000000e+00
0.000000000000000000e+00
3.986817924507772393e+00
1.542260826004671417e-02
0.000000000000000000e+00
0.000000000000000000e+00
0.000000000000000000e+00
-2.440278024490634134e+00
1.527014533108548427e-02
0.000000000000000000e+00
0.000000000000000000e+00
0.000000000000000000e+00
-8.590796871301259685e+00
7.092665743052907132e-03
0.000000000000000000e+00
0.000000000000000000e+00
0.000000000000000000e+00
3.013188627970974309e+00
7.042084981668353914e-03
0.000000000000000000e+00
0.000000000000000000e+00
0.000000000000000000e+00
-1.671320993187306758e+00
7.017511802197649168e-03
0.000000000000000000e+00
0.000000000000000000e+00
0.000000000000000000e+00
-5.088266769151307933e+00
4.170762650833274160e-03
0.000000000000000000e+00
0.000000000000000000e+00
0.000000000000000000e+00
1.135598533251468867e+00
4.155429091968776759e-03
0.000000000000000000e+00
0.000000000000000000e+00
0.000000000000000000e+00
-8.234727083358230892e-01
4.147662989422458771e-03
0.000000000000000000e+00
0.000000000000000000e+00
0.000000000000000000e+00
-4.107538742444711843e+00
4.901669293676712280e-03
0.000000000000000000e+00
0.000000000000000000e+00
0.000000000000000000e+00
9.180366439834481973e-01
4.884513381170286356e-03
0.000000000000000000e+00
0.000000000000000000e+00
0.000000000000000000e+00
-6.417639653949301914e-01
4.878050017529604598e-03
0.000000000000000000e+00
0.000000000000000000e+00
0.000000000000000000e+00
-3.321272919799077350e+00
6.697471545341104719e-03
0.000000000000000000e+00
0.000000000000000000e+00
0.000000000000000000e+00
8.222114460350796739e-01
6.674807596633382939e-03
0.000000000000000000e+00
0.000000000000000000e+00
0.000000000000000000e+00
-4.786821279042587918e-01
6.667943259489179236e-03
0.000000000000000000e+00
0.000000000000000000e+00
0.000000000000000000e+00
-3.188514402476674725e+00
7.256212563331580767e-03
0.000000000000000000e+00
0.000000000000000000e+00
0.000000000000000000e+00
8.351786254081545735e-01
7.230234933473279890e-03
0.000000000000000000e+00
0.000000000000000000e+00
0.000000000000000000e+00
-4.489586395130233387e-01
7.224819168530766979e-03
0.000000000000000000e+00
0.000000000000000000e+00
0.000000000000000000e+00
-3.061478922691357241e+00
7.902026442516457000e-03
0.000000000000000000e+00
0.000000000000000000e+00
0.000000000000000000e+00
8.433966144819100563e-01
7.873873630581200087e-03
0.000000000000000000e+00
0.000000000000000000e+00
0.000000000000000000e+00
-4.106531111282988866e-01
7.868416827266775521e-03
0.000000000000000000e+00
0.000000000000000000e+00
0.000000000000000000e+00
-2.928623267830302357e+00
8.649055608670623563e-03
0.000000000000000000e+00
0.000000000000000000e+00
0.000000000000000000e+00
8.599277991584778347e-01
8.615999944958596668e-03
0.000000000000000000e+00
0.000000000000000000e+00
0.000000000000000000e+00
-3.889823625514313155e-01
8.610698699494864772e-03
0.000000000000000000e+00
0.000000000000000000e+00
0.000000000000000000e+00
-2.823684720851949770e+00
9.511464613654627837e-03
0.000000000000000000e+00
0.000000000000000000e+00
0.000000000000000000e+00
8.416452319960828765e-01
9.476839910210158036e-03
0.000000000000000000e+00
0.000000000000000000e+00
0.000000000000000000e+00
-3.731248467811476566e-01
9.470736850907223586e-03
0.000000000000000000e+00
0.000000000000000000e+00
0.000000000000000000e+00
-2.733133968824587701e+00
1.052040489317131178e-02
0.000000000000000000e+00
0.000000000000000000e+00
0.000000000000000000e+00
8.727435231045856945e-01
1.047997296969367144e-02
0.000000000000000000e+00
0.000000000000000000e+00
0.000000000000000000e+00
-3.516807804518946035e-01
1.047459090018883904e-02
0.000000000000000000e+00
0.000000000000000000e+00
0.000000000000000000e+00
-2.600185993684384744e+00
1.169739903088972896e-02
0.000000000000000000e+00
0.000000000000000000e+00
0.000000000000000000e+00
8.764129402461151574e-01
1.164967192959744102e-02
0.000000000000000000e+00
0.000000000000000000e+00
0.000000000000000000e+00
-3.095632669122345693e-01
1.164700024086876701e-02
0.000000000000000000e+00
0.000000000000000000e+00
0.000000000000000000e+00
-2.500079519076157109e+00
1.307513721784347126e-02
0.000000000000000000e+00
0.000000000000000000e+00
0.000000000000000000e+00
8.863327708806706395e-01
1.302023619567140023e-02
0.000000000000000000e+00
0.000000000000000000e+00
0.000000000000000000e+00
-3.015536198996659478e-01
1.301629248858073885e-02
0.000000000000000000e+00
0.000000000000000000e+00
0.000000000000000000e+00
-2.407208902656368110e+00
1.467686085202581439e-02
0.000000000000000000e+00
0.000000000000000000e+00
0.000000000000000000e+00
8.878695706996900805e-01
1.461234329203306946e-02
0.000000000000000000e+00
0.000000000000000000e+00
0.000000000000000000e+00
-2.887006764029538264e-01
1.460966007675507106e-02
0.000000000000000000e+00
0.000000000000000000e+00
0.000000000000000000e+00
-2.303251576197962169e+00
1.655496242832575279e-02
0.000000000000000000e+00
0.000000000000000000e+00
0.000000000000000000e+00
9.316162348930175918e-01
1.647931892531356510e-02
0.000000000000000000e+00
0.000000000000000000e+00
0.000000000000000000e+00
-2.576668835635688715e-01
1.647557278130066735e-02
0.000000000000000000e+00
0.000000000000000000e+00
0.000000000000000000e+00
-2.164371539751924090e+00
1.876318130652634975e-02
0.000000000000000000e+00
0.000000000000000000e+00
0.000000000000000000e+00
8.867301540626916223e-01
1.868701138957655147e-02
0.000000000000000000e+00
0.000000000000000000e+00
0.000000000000000000e+00
-2.259216341135158457e-01
1.868254355686872412e-02
0.000000000000000000e+00
0.000000000000000000e+00
0.000000000000000000e+00
