-1.496807704174685583e+01
2.059707424217945615e+00
0.000000000000000000e+00
0.000000000000000000e+00
0.000000000000000000e+00
5.694779876171314648e+00
2.159489301463172861e+00
0.000000000000000000e+00
0.000000000000000000e+00
0.000000000000000000e+00
-4.229535032432178987e+00
1.999372869370394046e+00
0.000000000000000000e+00
0.000000000000000000e+00
0.000000000000000000e+00
-6.361137184247075638e+00
2.718338939875626359e-01
0.000000000000000000e+00
0.000000000000000000e+00
0.000000000000000000e+00
2.214851042032995210e+00
2.708960665112836175e-01
0.000000000000000000e+00
0.000000000000000000e+00
0.000000000000000000e+00
-1.887314377105389962e+00
2.679501826351798344e-01
0.000000000000000000e+00
0.000000000000000000e+00
0.000000000000000000e+00
-8.935861894229907065e+00
1.321961352308304305e-01
0.000000000000000000e+00
0.000000000000000000e+00
0.000000000000000000e+00
3.256232258841034621e+00
1.305177083237005486e-01
0.000000000000000000e+00
0.000000000000000000e+00
0.000000000000000000e+00
-1.249756393547399647e+00
1.308699542580441522e-01
0.000000000000000000e+00
0.000000000000000000e+00
0.000000000000000000e+00
-4.973070978098358630e+00
9.017029664109613152e-02
0.000000000000000000e+00
0.000000000000000000e+00
0.000000000000000000e+00
1.132993438593153934e+00
8.991432748355761284e-02
0.000000000000000000e+00
0.000000000000000000e+00
0.000000000000000000e+00
-1.040118426058611156e+00
8.994397216301946996e-02
0.000000000000000000e+00
0.000000000000000000e+00
0.000000000000000000e+00
-4.379142835395387401e+00
1.099601315970698545e-01
0.000000000000000000e+00
0.000000000000000000e+00
0.000000000000000000e+00
1.200330000323984070e+00
1.091683265463772451e-01
0.000000000000000000e+00
0.000000000000000000e+00
0.000000000000000000e+00
-6.371617298476240920e-01
1.094685784012267432e-01
0.000000000000000000e+00
0.000000000000000000e+00
0.000000000000000000e+00
-3.942220696980389238e+00
1.492713601469907725e-01
0.000000000000000000e+00
0.000000000000000000e+00
0.000000000000000000e+00
1.742228362639383299e+00
1.471855143012253120e-01
0.000000000000000000e+00
0.000000000000000000e+00
0.000000000000000000e+00
-5.731248178165667673e-01
1.482618267640652687e-01
0.000000000000000000e+00
0.000000000000000000e+00
0.000000000000000000e+00
-3.716132598375025076e+00
1.615951668666537611e-01
0.000000000000000000e+00
0.000000000000000000e+00
0.000000000000000000e+00
1.360001869760236071e+00
1.599529209198796986e-01
0.000000000000000000e+00
0.000000000000000000e+00
0.000000000000000000e+00
-4.631108905654235941e-01
1.607129862008360721e-01
0.000000000000000000e+00
0.000000000000000000e+00
0.000000000000000000e+00
-3.413188245127105169e+00
1.761157068747722654e-01
0.000000000000000000e+00
0.000000000000000000e+00
0.000000000000000000e+00
1.255068367382410344e+00
1.746363972614347060e-01
0.000000000000000000e+00
0.000000000000000000e+00
0.000000000000000000e+00
-4.073149681934528643e-01
1.754988901831749659e-01
0.000000000000000000e+00
0.000000000000000000e+00
0.000000000000000000e+00
-3.587149354637025223e+00
1.915919950027236140e-01
0.000000000000000000e+00
0.000000000000000000e+00
0.000000000000000000e+00
1.390922400302432083e+00
1.902372457391829641e-01
0.000000000000000000e+00
0.000000000000000000e+00
0.000000000000000000e+00
-4.456489787759835841e-01
1.906689367253509015e-01
0.000000000000000000e+00
0.000000000000000000e+00
0.000000000000000000e+00
-3.524667270437308098e+00
2.108976861962988947e-01
0.000000000000000000e+00
0.000000000000000000e+00
0.000000000000000000e+00
1.493227192169797490e+00
2.086691869115400999e-01
0.000000000000000000e+00
0.000000000000000000e+00
0.000000000000000000e+00
-3.741446015749667620e-01
2.092622455322817321e-01
0.000000000000000000e+00
0.000000000000000000e+00
0.000000000000000000e+00
-3.207875613487727762e+00
2.325651287120433230e-01
0.000000000000000000e+00
0.000000000000000000e+00
0.000000000000000000e+00
1.644319595687293134e+00
2.291844020899599377e-01
0.000000000000000000e+00
0.000000000000000000e+00
0.000000000000000000e+00
-7.536278906393023558e-01
2.302925751136498944e-01
0.000000000000000000e+00
0.000000000000000000e+00
0.000000000000000000e+00
-2.708177329024098245e+00
2.539532672840179028e-01
0.000000000000000000e+00
0.000000000000000000e+00
0.000000000000000000e+00
1.964692117566263940e+00
2.494746470837566343e-01
0.000000000000000000e+00
0.000000000000000000e+00
0.000000000000000000e+00
-6.993308009152986449e-01
2.514141586456450916e-01
0.000000000000000000e+00
0.000000000000000000e+00
0.000000000000000000e+00
-2.394616085592847110e+00
2.877017135820396088e-01
0.000000000000000000e+00
0.000000000000000000e+00
0.000000000000000000e+00
1.015858412626359453e+00
2.834970724376222329e-01
0.000000000000000000e+00
0.000000000000000000e+00
0.000000000000000000e+00
-8.045412056788060484e-01
2.862705218692793152e-01
0.000000000000000000e+00
0.000000000000000000e+00
0.000000000000000000e+00
-2.841585327391708216e+00
3.247307242601841226e-01
0.000000000000000000e+00
0.000000000000000000e+00
0.000000000000000000e+00
8.781141493835900036e-01
3.211835973476235839e-01
0.000000000000000000e+00
0.000000000000000000e+00
0.000000000000000000e+00
-8.041737476168027143e-01
3.240835978607330414e-01
0.000000000000000000e+00
0.000000000000000000e+00
0.000000000000000000e+00
-2.444220936729740057e+00
3.570815906208950063e-01
0.000000000000000000e+00
0.000000000000000000e+00
0.000000000000000000e+00
1.463967515404367870e+00
3.506266126294663166e-01
0.000000000000000000e+00
0.000000000000000000e+00
0.000000000000000000e+00
-7.399545293154494718e-01
3.554445451761444885e-01
0.000000000000000000e+00
0.000000000000000000e+00
0.000000000000000000e+00
-2.645427547877126084e+00
4.014901889250288569e-01
0.000000000000000000e+00
0.000000000000000000e+00
0.000000000000000000e+00
2.513805477228542529e+00
3.915902732850729540e-01
0.000000000000000000e+00
0.000000000000000000e+00
0.000000000000000000e+00
-9.821819514669754003e-01
3.959185674390107712e-01
0.000000000000000000e+00
0.000000000000000000e+00
0.000000000000000000e+00
