-2.683822303803543718e+01
1.847504882736477061e-01
0.000000000000000000e+00
0.000000000000000000e+00
0.000000000000000000e+00
1.402029562149847486e+01
1.886042481626432066e-01
0.000000000000000000e+00
0.000000000000000000e+00
0.000000000000000000e+00
-6.916021761361028197e+00
1.892875837643644699e-01
0.000000000000000000e+00
0.000000000000000000e+00
0.000000000000000000e+00
-2.616325946664506219e+01
9.046760948703207184e-02
0.000000000000000000e+00
0.000000000000000000e+00
0.000000000000000000e+00
1.314703682183823119e+01
9.143119873828763067e-02
0.000000000000000000e+00
0.000000000000000000e+00
0.000000000000000000e+00
-5.898239945563918063e+00
9.240450616334626444e-02
0.000000000000000000e+00
0.000000000000000000e+00
0.000000000000000000e+00
-1.564451727885972687e+01
7.065160291265248915e-02
0.000000000000000000e+00
0.000000000000000000e+00
0.000000000000000000e+00
5.974880667842753290e+00
7.046313625906551470e-02
0.000000000000000000e+00
0.000000000000000000e+00
0.000000000000000000e+00
-2.124208598346950971e+00
7.039754309707473012e-02
0.000000000000000000e+00
0.000000000000000000e+00
0.000000000000000000e+00
-1.019461932923980463e+01
9.942669142865506737e-02
0.000000000000000000e+00
0.000000000000000000e+00
0.000000000000000000e+00
2.223594172160368920e+00
9.929950859386987849e-02
0.000000000000000000e+00
0.000000000000000000e+00
0.000000000000000000e+00
-5.312883230801265233e-01
9.897919882860416185e-02
0.000000000000000000e+00
0.000000000000000000e+00
0.000000000000000000e+00
-7.381893809704723530e+00
2.584718508565764794e-01
0.000000000000000000e+00
0.000000000000000000e+00
0.000000000000000000e+00
1.397189713445564418e+00
2.598849671746442658e-01
0.000000000000000000e+00
0.000000000000000000e+00
0.000000000000000000e+00
8.863607156445689472e-02
2.590549943977850655e-01
0.000000000000000000e+00
0.000000000000000000e+00
0.000000000000000000e+00
