-2.112922742035042845e+01
3.327446961619109800e+00
-2.177408060218509078e+01
-1.736017245145664845e+01
-2.137813943421301133e+01
1.033186007389735650e+01
3.630098586268701855e+00
1.144524833300583566e+01
6.348982559176826079e+00
1.055152218086705140e+01
-3.529041158422337343e+00
3.028787989501197320e+00
-4.642098283526389757e+00
1.405576449913336912e-01
-3.835086201740106837e+00
-2.741475695816738067e+01
1.687813208033075885e+00
-2.791679171115478297e+01
-2.484891615102381479e+01
-2.756278380937196459e+01
1.733579734731286592e+01
1.564529310531653117e+00
1.790486819244656047e+01
1.460374945786680811e+01
1.764771291831014466e+01
-6.438997090073848462e+00
1.569297079166911635e+00
-7.052941021392598486e+00
-3.620038548414109769e+00
-6.934209189097153114e+00
-1.514530169281514382e+01
1.542941784375347236e+00
-1.496273061660932058e+01
-1.480018811073296980e+01
-1.517858062488321202e+01
6.264814631776019382e+00
1.524874272896004301e+00
6.134383235077441654e+00
5.909503667942255234e+00
6.549385510146782607e+00
-4.753110006378216568e+00
1.512534107229083657e+00
-4.635853546272475256e+00
-4.447776713502190837e+00
-4.979460681940087952e+00
-1.626511815200975519e+01
2.356428691412278287e+00
-1.606874862766988343e+01
-1.962809136308466762e+01
-1.642570156118574332e+01
3.653785409852445376e+00
2.260968686490487656e+00
3.468122051637761771e+00
7.167637210021136518e+00
4.124741483346208604e+00
-4.336793169050763841e-01
2.379094027656310839e+00
-2.640305155943866167e-01
-3.742755664061629517e+00
-6.558333460395380232e-01
-1.254676936802197673e+01
1.011095735498075854e+01
-1.253918500833854388e+01
-8.012518844934216844e+00
-1.142074029019939907e+01
7.696900391168469469e+00
9.590024338793133651e+00
7.711338971344550153e+00
2.432918501937699318e+00
6.653885857196192966e+00
1.100012698546315892e+00
1.072122656382308570e+01
9.541726271643713453e-01
5.763118410793486746e+00
-3.795566336717067224e-01
