-2.210385164999213004e+01
2.618944480104260508e-01
0.000000000000000000e+00
0.000000000000000000e+00
0.000000000000000000e+00
1.269980076580787198e+01
2.632860501834060063e-01
0.000000000000000000e+00
0.000000000000000000e+00
0.000000000000000000e+00
-9.686030828767382417e+00
2.562191519600680589e-01
0.000000000000000000e+00
0.000000000000000000e+00
0.000000000000000000e+00
-1.778439580727575020e+01
2.314901440854944675e-02
0.000000000000000000e+00
0.000000000000000000e+00
0.000000000000000000e+00
9.312652102612572591e+00
2.296508419040437302e-02
0.000000000000000000e+00
0.000000000000000000e+00
0.000000000000000000e+00
-6.167684589788942517e+00
2.275571035161624844e-02
0.000000000000000000e+00
0.000000000000000000e+00
0.000000000000000000e+00
-1.637394494077473084e+01
1.081626477320602429e-02
0.000000000000000000e+00
0.000000000000000000e+00
0.000000000000000000e+00
6.804836532398389259e+00
1.077367298493772663e-02
0.000000000000000000e+00
0.000000000000000000e+00
0.000000000000000000e+00
-4.249988987917542538e+00
1.073287833607859156e-02
0.000000000000000000e+00
0.000000000000000000e+00
0.000000000000000000e+00
-7.541964125596009261e+00
6.628425350494514777e-03
0.000000000000000000e+00
0.000000000000000000e+00
0.000000000000000000e+00
1.933723154395118549e+00
6.586906119470727593e-03
0.000000000000000000e+00
0.000000000000000000e+00
0.000000000000000000e+00
-1.683666529742925633e+00
6.562005602781662353e-03
0.000000000000000000e+00
0.000000000000000000e+00
0.000000000000000000e+00
-5.696610782659279337e+00
7.959022963434122036e-03
0.000000000000000000e+00
0.000000000000000000e+00
0.000000000000000000e+00
1.410679573555917887e+00
7.907480293155721637e-03
0.000000000000000000e+00
0.000000000000000000e+00
0.000000000000000000e+00
-1.242944662546919599e+00
7.887205184505006322e-03
0.000000000000000000e+00
0.000000000000000000e+00
0.000000000000000000e+00
-4.355875142652972265e+00
1.106007022929192916e-02
0.000000000000000000e+00
0.000000000000000000e+00
0.000000000000000000e+00
1.210346569269405981e+00
1.098598707180771170e-02
0.000000000000000000e+00
0.000000000000000000e+00
0.000000000000000000e+00
-8.939846112047832305e-01
1.097047505381660258e-02
0.000000000000000000e+00
0.000000000000000000e+00
0.000000000000000000e+00
-4.128659931259903715e+00
1.200311652251822257e-02
0.000000000000000000e+00
0.000000000000000000e+00
0.000000000000000000e+00
1.197229082520381072e+00
1.192471406568710798e-02
0.000000000000000000e+00
0.000000000000000000e+00
0.000000000000000000e+00
-8.399661543678562658e-01
1.191217574768244948e-02
0.000000000000000000e+00
0.000000000000000000e+00
0.000000000000000000e+00
-3.916000139913825784e+00
1.309811788918051334e-02
0.000000000000000000e+00
0.000000000000000000e+00
0.000000000000000000e+00
1.207770400522259369e+00
1.301000964164361791e-02
0.000000000000000000e+00
0.000000000000000000e+00
0.000000000000000000e+00
-7.745374301530598693e-01
1.300051019697716706e-02
0.000000000000000000e+00
0.000000000000000000e+00
0.000000000000000000e+00
-3.695660121657579733e+00
1.436996824306515166e-02
0.000000000000000000e+00
0.000000000000000000e+00
0.000000000000000000e+00
1.228987307820440078e+00
1.426911921029433081e-02
0.000000000000000000e+00
0.000000000000000000e+00
0.000000000000000000e+00
-7.489038018916207573e-01
1.425843899019828102e-02
0.000000000000000000e+00
0.000000000000000000e+00
0.000000000000000000e+00
-3.537316474404378575e+00
1.583233118247195231e-02
0.000000000000000000e+00
0.000000000000000000e+00
0.000000000000000000e+00
1.177187843461598993e+00
1.573131150607341364e-02
0.000000000000000000e+00
0.000000000000000000e+00
0.000000000000000000e+00
-7.126242509822887650e-01
1.571845317299268990e-02
0.000000000000000000e+00
0.000000000000000000e+00
0.000000000000000000e+00
-3.414769394277444192e+00
1.754816133975023451e-02
0.000000000000000000e+00
0.000000000000000000e+00
0.000000000000000000e+00
1.221282058527863423e+00
1.743261733968156507e-02
0.000000000000000000e+00
0.000000000000000000e+00
0.000000000000000000e+00
-6.501732700403395349e-01
1.742293724972102456e-02
0.000000000000000000e+00
0.000000000000000000e+00
0.000000000000000000e+00
-3.210194590078598864e+00
1.956646726308877010e-02
0.000000000000000000e+00
0.000000000000000000e+00
0.000000000000000000e+00
1.235984984692645172e+00
1.943517976170919606e-02
0.000000000000000000e+00
0.000000000000000000e+00
0.000000000000000000e+00
-5.600947826757949333e-01
1.942542393784024365e-02
0.000000000000000000e+00
0.000000000000000000e+00
0.000000000000000000e+00
-3.039214183346383269e+00
2.193066599432726832e-02
0.000000000000000000e+00
0.000000000000000000e+00
0.000000000000000000e+00
1.238917786414979849e+00
2.177808246579478885e-02
0.000000000000000000e+00
0.000000000000000000e+00
0.000000000000000000e+00
-5.516981915253854618e-01
2.176969123163645034e-02
0.000000000000000000e+00
0.000000000000000000e+00
0.000000000000000000e+00
-2.889484155439480340e+00
2.467439861990814928e-02
0.000000000000000000e+00
0.000000000000000000e+00
0.000000000000000000e+00
1.247769688947569344e+00
2.449350798434750398e-02
0.000000000000000000e+00
0.000000000000000000e+00
0.000000000000000000e+00
-5.384891443038650749e-01
2.448966273626433307e-02
0.000000000000000000e+00
0.000000000000000000e+00
0.000000000000000000e+00
-2.764071826315545710e+00
2.791078001435036426e-02
0.000000000000000000e+00
0.000000000000000000e+00
0.000000000000000000e+00
1.325999624185505654e+00
2.770553218865458994e-02
0.000000000000000000e+00
0.000000000000000000e+00
0.000000000000000000e+00
-5.232595446951845419e-01
2.769208978974515428e-02
0.000000000000000000e+00
0.000000000000000000e+00
0.000000000000000000e+00
-2.570540432057180968e+00
3.168862416901777057e-02
0.000000000000000000e+00
0.000000000000000000e+00
0.000000000000000000e+00
1.240154616112312258e+00
3.146030473443580527e-02
0.000000000000000000e+00
0.000000000000000000e+00
0.000000000000000000e+00
-4.736531670738707289e-01
3.147411016793011385e-02
0.000000000000000000e+00
0.000000000000000000e+00
0.000000000000000000e+00
