-2.462978368409099872e+01
3.365078186839602470e+00
0.000000000000000000e+00
0.000000000000000000e+00
0.000000000000000000e+00
4.553638404518622451e+00
3.636090145435228571e+00
0.000000000000000000e+00
0.000000000000000000e+00
0.000000000000000000e+00
-5.361678928456512949e+00
3.490719604089862482e+00
0.000000000000000000e+00
0.000000000000000000e+00
0.000000000000000000e+00
-1.387663700172668868e+01
4.754280496935606726e-01
0.000000000000000000e+00
0.000000000000000000e+00
0.000000000000000000e+00
7.251777443251200772e+00
4.826631346178053006e-01
0.000000000000000000e+00
0.000000000000000000e+00
0.000000000000000000e+00
-5.234610402784705130e+00
4.710114009477749941e-01
0.000000000000000000e+00
0.000000000000000000e+00
0.000000000000000000e+00
-1.715477512780913116e+01
2.400222270815562664e-01
0.000000000000000000e+00
0.000000000000000000e+00
0.000000000000000000e+00
7.940868526563625629e+00
2.405210823564193356e-01
0.000000000000000000e+00
0.000000000000000000e+00
0.000000000000000000e+00
-3.748332786313885556e+00
2.409208186357626180e-01
0.000000000000000000e+00
0.000000000000000000e+00
0.000000000000000000e+00
-7.870437354367681770e+00
1.466084606353562636e-01
0.000000000000000000e+00
0.000000000000000000e+00
0.000000000000000000e+00
1.914226886841685182e+00
1.469059094326398140e-01
0.000000000000000000e+00
0.000000000000000000e+00
0.000000000000000000e+00
-2.101207089154534025e+00
1.469591322302690184e-01
0.000000000000000000e+00
0.000000000000000000e+00
0.000000000000000000e+00
-6.575119743147589624e+00
1.802532235771743818e-01
0.000000000000000000e+00
0.000000000000000000e+00
0.000000000000000000e+00
1.532697196927626404e+00
1.799465729028146277e-01
0.000000000000000000e+00
0.000000000000000000e+00
0.000000000000000000e+00
-1.367540283007535828e+00
1.800554470650296834e-01
0.000000000000000000e+00
0.000000000000000000e+00
0.000000000000000000e+00
-5.794797087836990990e+00
2.484813922786574814e-01
0.000000000000000000e+00
0.000000000000000000e+00
0.000000000000000000e+00
2.205661139210687516e+00
2.466613314378663935e-01
0.000000000000000000e+00
0.000000000000000000e+00
0.000000000000000000e+00
-1.422881736455589019e+00
2.471545327690911065e-01
0.000000000000000000e+00
0.000000000000000000e+00
0.000000000000000000e+00
-5.444863355232318902e+00
2.699268534639437944e-01
0.000000000000000000e+00
0.000000000000000000e+00
0.000000000000000000e+00
1.974290188465570584e+00
2.688549746911861327e-01
0.000000000000000000e+00
0.000000000000000000e+00
0.000000000000000000e+00
-1.173356046350093385e+00
2.683899811848709516e-01
0.000000000000000000e+00
0.000000000000000000e+00
0.000000000000000000e+00
-4.767027501406125189e+00
2.949979626580723213e-01
0.000000000000000000e+00
0.000000000000000000e+00
0.000000000000000000e+00
2.085297222232914027e+00
2.945435506705031403e-01
0.000000000000000000e+00
0.000000000000000000e+00
0.000000000000000000e+00
-9.390356428684677459e-01
2.943601206754485333e-01
0.000000000000000000e+00
0.000000000000000000e+00
0.000000000000000000e+00
-4.915646024472723141e+00
3.219148162010998515e-01
0.000000000000000000e+00
0.000000000000000000e+00
0.000000000000000000e+00
1.953300043269142972e+00
3.232113158759060134e-01
0.000000000000000000e+00
0.000000000000000000e+00
0.000000000000000000e+00
-1.087417572692908507e+00
3.216066223713345273e-01
0.000000000000000000e+00
0.000000000000000000e+00
0.000000000000000000e+00
-4.504744357564379520e+00
3.546901247732213713e-01
0.000000000000000000e+00
0.000000000000000000e+00
0.000000000000000000e+00
1.664975295656651477e+00
3.544680026414983587e-01
0.000000000000000000e+00
0.000000000000000000e+00
0.000000000000000000e+00
-1.284585085155103945e+00
3.526991264201075893e-01
0.000000000000000000e+00
0.000000000000000000e+00
0.000000000000000000e+00
-3.886039338328087123e+00
3.918502539458342260e-01
0.000000000000000000e+00
0.000000000000000000e+00
0.000000000000000000e+00
1.173395561896280803e+00
3.923772508192267527e-01
0.000000000000000000e+00
0.000000000000000000e+00
0.000000000000000000e+00
-1.610932984125331258e+00
3.919538179869289096e-01
0.000000000000000000e+00
0.000000000000000000e+00
0.000000000000000000e+00
-3.056760407500904719e+00
4.292327814571078592e-01
0.000000000000000000e+00
0.000000000000000000e+00
0.000000000000000000e+00
1.478065971312854776e+00
4.232919047049580330e-01
0.000000000000000000e+00
0.000000000000000000e+00
0.000000000000000000e+00
-7.420772430550298671e-01
4.282942625920546642e-01
0.000000000000000000e+00
0.000000000000000000e+00
0.000000000000000000e+00
-1.896294335470542158e+00
4.930802187005600690e-01
0.000000000000000000e+00
0.000000000000000000e+00
0.000000000000000000e+00
6.991750524177208215e-01
4.845574531049743339e-01
0.000000000000000000e+00
0.000000000000000000e+00
0.000000000000000000e+00
-7.865312715516042941e-01
4.934309783064400046e-01
0.000000000000000000e+00
0.000000000000000000e+00
0.000000000000000000e+00
-2.876683737615105318e+00
5.586511624703213164e-01
0.000000000000000000e+00
0.000000000000000000e+00
0.000000000000000000e+00
1.089495031871193120e+00
5.473191130996274412e-01
0.000000000000000000e+00
0.000000000000000000e+00
0.000000000000000000e+00
-2.782314023518034918e-01
5.598051498852204544e-01
0.000000000000000000e+00
0.000000000000000000e+00
0.000000000000000000e+00
-1.669252268972936770e+00
6.156945518759607827e-01
0.000000000000000000e+00
0.000000000000000000e+00
0.000000000000000000e+00
1.614914131167060729e+00
6.065145277052683692e-01
0.000000000000000000e+00
0.000000000000000000e+00
0.000000000000000000e+00
-8.003179089703820193e-01
6.174295808420803278e-01
0.000000000000000000e+00
0.000000000000000000e+00
0.000000000000000000e+00
-1.671086217386563044e+00
6.997068168451738845e-01
0.000000000000000000e+00
0.000000000000000000e+00
0.000000000000000000e+00
3.702516152001590122e+00
6.871890626451238049e-01
0.000000000000000000e+00
0.000000000000000000e+00
0.000000000000000000e+00
-6.683322715775721345e-01
6.882515111081302095e-01
0.000000000000000000e+00
0.000000000000000000e+00
0.000000000000000000e+00
