-2.437543081502342801e+01
4.967827136810930577e-01
0.000000000000000000e+00
0.000000000000000000e+00
0.000000000000000000e+00
8.807808102605649836e+00
5.381353612241178697e-01
0.000000000000000000e+00
0.000000000000000000e+00
0.000000000000000000e+00
-1.226439566682467586e+01
4.973723140536108200e-01
0.000000000000000000e+00
0.000000000000000000e+00
0.000000000000000000e+00
-2.208722473230709937e+01
5.505825418249066239e-02
0.000000000000000000e+00
0.000000000000000000e+00
0.000000000000000000e+00
1.088013544368011765e+01
5.597586199229708653e-02
0.000000000000000000e+00
0.000000000000000000e+00
0.000000000000000000e+00
-1.204290501587616014e+01
5.270020811041166431e-02
0.000000000000000000e+00
0.000000000000000000e+00
0.000000000000000000e+00
-1.900706973200048822e+01
2.860801950475715463e-02
0.000000000000000000e+00
0.000000000000000000e+00
0.000000000000000000e+00
7.608032511468193704e+00
2.907423574749205125e-02
0.000000000000000000e+00
0.000000000000000000e+00
0.000000000000000000e+00
-8.871066908832219156e+00
2.821857406735065951e-02
0.000000000000000000e+00
0.000000000000000000e+00
0.000000000000000000e+00
-6.693332295283423328e+00
1.723508710591861726e-02
0.000000000000000000e+00
0.000000000000000000e+00
0.000000000000000000e+00
5.051906459707613539e-01
1.721013541047885370e-02
0.000000000000000000e+00
0.000000000000000000e+00
0.000000000000000000e+00
-2.953717678380753942e+00
1.697899279244353965e-02
0.000000000000000000e+00
0.000000000000000000e+00
0.000000000000000000e+00
-4.574098777585213327e+00
2.109643403775665962e-02
0.000000000000000000e+00
0.000000000000000000e+00
0.000000000000000000e+00
2.232613673418969158e-01
2.097637562342114653e-02
0.000000000000000000e+00
0.000000000000000000e+00
0.000000000000000000e+00
-2.122903951806489165e+00
2.083551272315747535e-02
0.000000000000000000e+00
0.000000000000000000e+00
0.000000000000000000e+00
-3.018223350208376399e+00
3.000551010271413147e-02
0.000000000000000000e+00
0.000000000000000000e+00
0.000000000000000000e+00
3.847999889816252628e-01
2.975830852668543205e-02
0.000000000000000000e+00
0.000000000000000000e+00
0.000000000000000000e+00
-1.489581528450723447e+00
2.965270101516765885e-02
0.000000000000000000e+00
0.000000000000000000e+00
0.000000000000000000e+00
-2.777476967008295272e+00
3.273021445566212662e-02
0.000000000000000000e+00
0.000000000000000000e+00
0.000000000000000000e+00
4.783656146222583505e-01
3.254431303062298858e-02
0.000000000000000000e+00
0.000000000000000000e+00
0.000000000000000000e+00
-1.402276418533086044e+00
3.236995671617223791e-02
0.000000000000000000e+00
0.000000000000000000e+00
0.000000000000000000e+00
-2.555053197619991501e+00
3.590268612118190789e-02
0.000000000000000000e+00
0.000000000000000000e+00
0.000000000000000000e+00
5.802317555100066082e-01
3.561120471599114184e-02
0.000000000000000000e+00
0.000000000000000000e+00
0.000000000000000000e+00
-1.261960619723486277e+00
3.551698724937887852e-02
0.000000000000000000e+00
0.000000000000000000e+00
0.000000000000000000e+00
-2.310435973629211492e+00
3.974722607578220351e-02
0.000000000000000000e+00
0.000000000000000000e+00
0.000000000000000000e+00
6.832911662972888100e-01
3.934306976746718143e-02
0.000000000000000000e+00
0.000000000000000000e+00
0.000000000000000000e+00
-1.281674592503547760e+00
3.929076980123358265e-02
0.000000000000000000e+00
0.000000000000000000e+00
0.000000000000000000e+00
-2.144676295920548981e+00
4.414042094660702159e-02
0.000000000000000000e+00
0.000000000000000000e+00
0.000000000000000000e+00
6.847669748765975450e-01
4.367919819623546779e-02
0.000000000000000000e+00
0.000000000000000000e+00
0.000000000000000000e+00
-1.238957284304875506e+00
4.368147936557648797e-02
0.000000000000000000e+00
0.000000000000000000e+00
0.000000000000000000e+00
-2.068965367418163392e+00
4.928851790871584954e-02
0.000000000000000000e+00
0.000000000000000000e+00
0.000000000000000000e+00
8.731176612960609429e-01
4.867668557066937018e-02
0.000000000000000000e+00
0.000000000000000000e+00
0.000000000000000000e+00
-1.167463243447425247e+00
4.872472951976097172e-02
0.000000000000000000e+00
0.000000000000000000e+00
0.000000000000000000e+00
-1.828047387009871461e+00
5.541833438757676894e-02
0.000000000000000000e+00
0.000000000000000000e+00
0.000000000000000000e+00
9.738773105320600587e-01
5.464272470201283344e-02
0.000000000000000000e+00
0.000000000000000000e+00
0.000000000000000000e+00
-9.767139522511816274e-01
5.473776940434014332e-02
0.000000000000000000e+00
0.000000000000000000e+00
0.000000000000000000e+00
-1.574683443582080011e+00
6.258104717445220344e-02
0.000000000000000000e+00
0.000000000000000000e+00
0.000000000000000000e+00
1.001622490294294510e+00
6.171662401071194293e-02
0.000000000000000000e+00
0.000000000000000000e+00
0.000000000000000000e+00
-9.605817931947353561e-01
6.186563713674816944e-02
0.000000000000000000e+00
0.000000000000000000e+00
0.000000000000000000e+00
-1.377602913902306048e+00
7.092983333628684328e-02
0.000000000000000000e+00
0.000000000000000000e+00
0.000000000000000000e+00
9.764589862129605669e-01
7.010572949893199846e-02
0.000000000000000000e+00
0.000000000000000000e+00
0.000000000000000000e+00
-9.214280184641678861e-01
7.029115883504062634e-02
0.000000000000000000e+00
0.000000000000000000e+00
0.000000000000000000e+00
-1.227897684846345205e+00
8.084477031651378376e-02
0.000000000000000000e+00
0.000000000000000000e+00
0.000000000000000000e+00
1.093530329149362990e+00
8.005556281688241960e-02
0.000000000000000000e+00
0.000000000000000000e+00
0.000000000000000000e+00
-8.605026150076726665e-01
8.031310857668812198e-02
0.000000000000000000e+00
0.000000000000000000e+00
0.000000000000000000e+00
-1.044194076260621884e+00
9.263728993331901695e-02
0.000000000000000000e+00
0.000000000000000000e+00
0.000000000000000000e+00
1.024879799271209757e+00
9.153813231928804861e-02
0.000000000000000000e+00
0.000000000000000000e+00
0.000000000000000000e+00
-7.935655774653518346e-01
9.205478485485427131e-02
0.000000000000000000e+00
0.000000000000000000e+00
0.000000000000000000e+00
