-4.186866793508207593e+03
8.042914968721899527e+01
0.000000000000000000e+00
0.000000000000000000e+00
0.000000000000000000e+00
-3.586000862284537561e+03
6.931900019688114867e+01
0.000000000000000000e+00
0.000000000000000000e+00
0.000000000000000000e+00
4.459924859831505728e+01
4.270919643276982214e+01
0.000000000000000000e+00
0.000000000000000000e+00
0.000000000000000000e+00
-1.697467721476189695e+01
9.307188359077042117e-01
0.000000000000000000e+00
0.000000000000000000e+00
0.000000000000000000e+00
8.104271338264650737e+00
9.155121529069544239e-01
0.000000000000000000e+00
0.000000000000000000e+00
0.000000000000000000e+00
-9.743060553423600112e+00
9.030545526251148036e-01
0.000000000000000000e+00
0.000000000000000000e+00
0.000000000000000000e+00
-1.992488051705802832e+01
5.566233890528975436e-01
0.000000000000000000e+00
0.000000000000000000e+00
0.000000000000000000e+00
1.206753558268007609e+01
5.510254845883976182e-01
0.000000000000000000e+00
0.000000000000000000e+00
0.000000000000000000e+00
-9.260471427157074942e+00
5.511194564389230166e-01
0.000000000000000000e+00
0.000000000000000000e+00
0.000000000000000000e+00
-6.816218905868373312e+00
3.684083806018140783e-01
0.000000000000000000e+00
0.000000000000000000e+00
0.000000000000000000e+00
1.688403345775831399e+00
3.646431116061793487e-01
0.000000000000000000e+00
0.000000000000000000e+00
0.000000000000000000e+00
-3.569229369939511898e+00
3.643867446544101218e-01
0.000000000000000000e+00
0.000000000000000000e+00
0.000000000000000000e+00
-5.785146337984083509e+00
4.700914032412251142e-01
0.000000000000000000e+00
0.000000000000000000e+00
0.000000000000000000e+00
7.384382268295330842e-01
4.631500496042603721e-01
0.000000000000000000e+00
0.000000000000000000e+00
0.000000000000000000e+00
-2.051437632671496925e+00
4.639153951644209850e-01
0.000000000000000000e+00
0.000000000000000000e+00
0.000000000000000000e+00
-5.468904984653777390e+00
6.673560425671088980e-01
0.000000000000000000e+00
0.000000000000000000e+00
0.000000000000000000e+00
1.878785518655027742e+00
6.485895300166923949e-01
0.000000000000000000e+00
0.000000000000000000e+00
0.000000000000000000e+00
-2.697029559442285951e+00
6.612501539632710257e-01
0.000000000000000000e+00
0.000000000000000000e+00
0.000000000000000000e+00
-5.566326090266363380e+00
7.378492981039036502e-01
0.000000000000000000e+00
0.000000000000000000e+00
0.000000000000000000e+00
1.850262105752898512e+00
7.152619893976723819e-01
0.000000000000000000e+00
0.000000000000000000e+00
0.000000000000000000e+00
-1.539971272849965711e+00
7.200293639329127249e-01
0.000000000000000000e+00
0.000000000000000000e+00
0.000000000000000000e+00
-3.664827946400420977e+00
8.241059742691850820e-01
0.000000000000000000e+00
0.000000000000000000e+00
0.000000000000000000e+00
2.738554266442426943e+00
7.983590054676266146e-01
0.000000000000000000e+00
0.000000000000000000e+00
0.000000000000000000e+00
-1.090357754647208743e+00
8.038740209949203352e-01
0.000000000000000000e+00
0.000000000000000000e+00
0.000000000000000000e+00
-3.257848384597671121e+00
9.127191603741476866e-01
0.000000000000000000e+00
0.000000000000000000e+00
0.000000000000000000e+00
3.128126087876798245e+00
8.836013613321163085e-01
0.000000000000000000e+00
0.000000000000000000e+00
0.000000000000000000e+00
-1.195605417806737458e+00
8.791365433343384383e-01
0.000000000000000000e+00
0.000000000000000000e+00
0.000000000000000000e+00
-2.768232620845429537e+00
1.027327501075853355e+00
0.000000000000000000e+00
0.000000000000000000e+00
0.000000000000000000e+00
4.440127088081628592e+00
9.694382802788281683e-01
0.000000000000000000e+00
0.000000000000000000e+00
0.000000000000000000e+00
-1.182243147369703484e+00
9.624222750931717973e-01
0.000000000000000000e+00
0.000000000000000000e+00
0.000000000000000000e+00
-1.970918979087059597e+00
1.154956936226361641e+00
0.000000000000000000e+00
0.000000000000000000e+00
0.000000000000000000e+00
5.026715341335522780e+00
1.084027629330615916e+00
0.000000000000000000e+00
0.000000000000000000e+00
0.000000000000000000e+00
-5.069245903182233448e-01
1.095364557040464204e+00
0.000000000000000000e+00
0.000000000000000000e+00
0.000000000000000000e+00
-8.281718958601035352e-01
1.282827804847683995e+00
0.000000000000000000e+00
0.000000000000000000e+00
0.000000000000000000e+00
5.763738799191180817e+00
1.190572618194901233e+00
0.000000000000000000e+00
0.000000000000000000e+00
0.000000000000000000e+00
9.865910625294280756e-01
1.227259866709224934e+00
0.000000000000000000e+00
0.000000000000000000e+00
0.000000000000000000e+00
1.151542118412635540e+00
1.493709356053906534e+00
0.000000000000000000e+00
0.000000000000000000e+00
0.000000000000000000e+00
4.457528365414254345e+00
1.386254563225762793e+00
0.000000000000000000e+00
0.000000000000000000e+00
0.000000000000000000e+00
2.979957570637540964e+00
1.460906293612693974e+00
0.000000000000000000e+00
0.000000000000000000e+00
0.000000000000000000e+00
1.685732822501976536e+00
1.801442354142684277e+00
0.000000000000000000e+00
0.000000000000000000e+00
0.000000000000000000e+00
5.648733005086020498e+00
1.626536477395768676e+00
0.000000000000000000e+00
0.000000000000000000e+00
0.000000000000000000e+00
2.996648787330363994e+00
1.716492227015922412e+00
0.000000000000000000e+00
0.000000000000000000e+00
0.000000000000000000e+00
3.479894792105521439e+00
1.911749380259392117e+00
0.000000000000000000e+00
0.000000000000000000e+00
0.000000000000000000e+00
5.898174166831781307e+00
1.763395726793447471e+00
0.000000000000000000e+00
0.000000000000000000e+00
0.000000000000000000e+00
2.482048794484999821e+00
1.846912581427356370e+00
0.000000000000000000e+00
0.000000000000000000e+00
0.000000000000000000e+00
5.222165350503282788e+00
2.319203017337289285e+00
0.000000000000000000e+00
0.000000000000000000e+00
0.000000000000000000e+00
9.451618938563525418e+00
2.153019201207044375e+00
0.000000000000000000e+00
0.000000000000000000e+00
0.000000000000000000e+00
2.818847438706955533e+00
2.121255839670108667e+00
0.000000000000000000e+00
0.000000000000000000e+00
0.000000000000000000e+00
