-3.604239323135527684e+01
1.970473832173540440e-01
0.000000000000000000e+00
0.000000000000000000e+00
0.000000000000000000e+00
2.618364732599259881e+01
1.934315588134999930e-01
0.000000000000000000e+00
0.000000000000000000e+00
0.000000000000000000e+00
-1.937681721360289089e+01
1.919765654960438050e-01
0.000000000000000000e+00
0.000000000000000000e+00
0.000000000000000000e+00
-3.655194726129277427e+01
1.050146055329628930e-01
0.000000000000000000e+00
0.000000000000000000e+00
0.000000000000000000e+00
2.445411802810676605e+01
1.048188502817578444e-01
0.000000000000000000e+00
0.000000000000000000e+00
0.000000000000000000e+00
-1.545090647243995186e+01
1.056693069942837571e-01
0.000000000000000000e+00
0.000000000000000000e+00
0.000000000000000000e+00
-2.167249816376455129e+01
8.534168187764032409e-02
0.000000000000000000e+00
0.000000000000000000e+00
0.000000000000000000e+00
1.142556453365680547e+01
8.415931432525793066e-02
0.000000000000000000e+00
0.000000000000000000e+00
0.000000000000000000e+00
-5.798165418672860838e+00
8.394558661901969920e-02
0.000000000000000000e+00
0.000000000000000000e+00
0.000000000000000000e+00
-1.416890799184910321e+01
1.306990500067053418e-01
0.000000000000000000e+00
0.000000000000000000e+00
0.000000000000000000e+00
4.747079542282143017e+00
1.293431556273306193e-01
0.000000000000000000e+00
0.000000000000000000e+00
0.000000000000000000e+00
-1.943615938409081645e+00
1.298755912606388008e-01
0.000000000000000000e+00
0.000000000000000000e+00
0.000000000000000000e+00
-1.212459050817458284e+01
3.494235106189141349e-01
0.000000000000000000e+00
0.000000000000000000e+00
0.000000000000000000e+00
2.319900284830433534e+00
3.611611583850735108e-01
0.000000000000000000e+00
0.000000000000000000e+00
0.000000000000000000e+00
1.953266657173325649e-01
3.534797187483863512e-01
0.000000000000000000e+00
0.000000000000000000e+00
0.000000000000000000e+00
