-1.653245625944508390e+01
1.038099800728777566e+01
-1.639559529643506863e+01
-1.611587895990696495e+01
-2.122683637764701814e+01
2.579832543477697016e+01
6.069591952531543377e+00
2.570468719128087187e+01
2.261149755176297660e+01
2.482301740831507786e+01
-8.315765281853460422e+00
6.814474609227266555e+00
-8.358660148050484295e+00
-6.705666099526777835e+00
-8.139122672685228821e+00
-3.545846925399362704e+01
2.199379953554508660e+00
-3.527740813759127292e+01
-3.669487903575580390e+01
-3.687044717033718655e+01
2.433860802712052518e+01
2.160635824265218385e+00
2.407453340666324593e+01
2.617374507489572721e+01
2.566806478922115176e+01
-1.634837366387307256e+01
2.664439439078778893e+00
-1.607044831249031347e+01
-1.824636111969031305e+01
-1.879224571967759871e+01
-2.104857167277533847e+01
1.820143202503383240e+00
-2.153017921357671582e+01
-2.313471663643183618e+01
-2.121425053213045686e+01
9.645270440292700087e+00
1.804767148669844223e+00
1.031543370629155021e+01
1.178916654982974599e+01
9.536578083628560520e+00
-3.737901148960010023e+00
1.882204619903365517e+00
-4.592216439903359593e+00
-5.680004600982424989e+00
-3.680919337325966545e+00
-1.215787597472232662e+01
3.142395525010170054e+00
-1.168190485097486508e+01
-1.643651179906752802e+01
-1.139826110304437456e+01
-3.091595815063664654e-01
2.796683113248768837e+00
-8.394557109254433547e-01
4.583342414089274897e+00
-4.884849407517678488e-01
-5.247980213988158837e+00
3.101794246571512481e+00
-4.724544311498844351e+00
-9.930498725639088420e+00
-6.178135259106008803e+00
1.051637451325012407e+01
1.593037956132775719e+02
1.047364107741261208e+01
0.000000000000000000e+00
3.627653557908607951e+01
-7.562416696509107972e+00
1.736258691367960125e+02
-7.524023210989982502e+00
0.000000000000000000e+00
-1.725514792045200707e+01
2.834970986989482356e+00
1.974198809941870536e+02
2.806590244086415886e+00
0.000000000000000000e+00
-1.316835031077607532e+01
