-6.320267864118321866e-01
4.942644511680273078e-01
-5.532390930605823876e-01
-8.325775291020640623e-01
-6.349907896440568633e-01
2.687951414242726808e-02
4.907608454173197909e-01
1.097311335730244142e-01
2.182851678799062611e-01
2.465132066299235980e-02
3.906514779271505478e-01
4.934777298113025013e-01
3.231402600423921578e-01
2.139175859993387441e-01
3.883008380241914637e-01
-2.663220179983637248e+00
2.650361584336201060e-01
-2.688691039972503916e+00
-2.756433544129833102e+00
-2.663391607442192388e+00
8.213867879913859804e-01
2.629214549499622189e-01
8.620839323366467077e-01
9.089904887817783496e-01
8.223866575444460647e-01
1.329770893692007461e-01
2.637260244563127687e-01
9.385736484606560515e-02
5.656020126766137662e-02
1.327661897106168776e-01
-1.666058227664069635e+00
2.833622047273024469e-01
-1.621260190673119439e+00
-1.789605140025524843e+00
-1.660085911740278197e+00
2.043351666796886512e-01
2.837852741625871977e-01
1.736111812795832210e-01
3.282538462290985337e-01
2.047001644044183222e-01
-1.047049242133578778e-01
2.828797266069164040e-01
-7.340921596139450556e-02
-2.245013133996195676e-01
-1.035343787115672737e-01
-1.694356416994207137e+00
4.230944631180503235e-01
-1.697372130307738036e+00
-1.467326096052070872e+00
-1.698716785515810068e+00
1.109223826555582049e+00
4.193454489565586196e-01
1.127103091828556058e+00
8.906633913470259900e-01
1.112793422122023701e+00
-5.836128957563749275e-02
4.212820241174755620e-01
-7.491605519391103529e-02
1.485825702266325987e-01
-5.356194096915482816e-02
-1.122132609656544933e+00
9.719616260304058120e-01
-9.032080793395305118e-01
-4.106760852656926808e+00
-1.215770008867703700e+00
1.316986252486719300e+00
9.659264204179038860e-01
1.097345020554427508e+00
4.201898011259028287e+00
1.313332976494775650e+00
-1.001868215019896091e+00
9.672690524113569666e-01
-7.892031461412352122e-01
-3.664724865002258358e+00
-1.014282006734505082e+00
