-1.407132332240907946e+00
4.476474442936547588e-02
0.000000000000000000e+00
0.000000000000000000e+00
0.000000000000000000e+00
6.333711953297577191e-01
4.443287252302051404e-02
0.000000000000000000e+00
0.000000000000000000e+00
0.000000000000000000e+00
-1.100778608011457049e-01
4.448799487526113039e-02
0.000000000000000000e+00
0.000000000000000000e+00
0.000000000000000000e+00
-2.093812068181081454e+00
1.965037540506902811e-02
0.000000000000000000e+00
0.000000000000000000e+00
0.000000000000000000e+00
6.267194223087704241e-01
1.958080466977946479e-02
0.000000000000000000e+00
0.000000000000000000e+00
0.000000000000000000e+00
-4.432743077344148547e-02
1.957515363186485349e-02
0.000000000000000000e+00
0.000000000000000000e+00
0.000000000000000000e+00
-1.877229025632794812e+00
1.520041507483199314e-02
0.000000000000000000e+00
0.000000000000000000e+00
0.000000000000000000e+00
5.530731567565011497e-01
1.516122426970763215e-02
0.000000000000000000e+00
0.000000000000000000e+00
0.000000000000000000e+00
-3.888924080390704363e-02
1.516360027103713648e-02
0.000000000000000000e+00
0.000000000000000000e+00
0.000000000000000000e+00
-1.236488575323331229e+00
2.122847823609114171e-02
0.000000000000000000e+00
0.000000000000000000e+00
0.000000000000000000e+00
4.156943272092462616e-01
2.120925036844265379e-02
0.000000000000000000e+00
0.000000000000000000e+00
0.000000000000000000e+00
-3.441477905841923424e-02
2.119952489107683469e-02
0.000000000000000000e+00
0.000000000000000000e+00
0.000000000000000000e+00
-8.447603668434089386e-01
5.410321539311950534e-02
0.000000000000000000e+00
0.000000000000000000e+00
0.000000000000000000e+00
4.335664968642491957e-01
5.403592776900946471e-02
0.000000000000000000e+00
0.000000000000000000e+00
0.000000000000000000e+00
-5.588030771239037992e-02
5.404721645194889013e-02
0.000000000000000000e+00
0.000000000000000000e+00
0.000000000000000000e+00
