-1.718218961465649741e+01
1.396993558077562092e+00
-2.000898817942856667e+01
-8.961477818960696951e+00
-1.652999683749871451e+01
7.821996854986025483e+00
1.358569571515482188e+00
1.090047974384446583e+01
-8.954114342152464934e-01
5.950398230863190641e+00
-1.598966655601833864e+01
1.389721790959656200e+00
-1.895316646880653622e+01
-7.787352437765139967e+00
-1.414604209931560419e+01
-1.843868448397509141e+01
8.793714836111262700e-01
-1.993648857050435552e+01
-1.344263780903252403e+01
-1.771768273274986782e+01
8.552858323831136644e+00
8.836831966375283676e-01
1.020730565394211808e+01
3.146828683234814683e+00
7.609023647805861046e+00
-1.146738656778423504e+01
8.829425029676959413e-01
-1.303822903178468451e+01
-6.456126373145469444e+00
-1.045025471327030786e+01
-6.576824991479321092e+00
9.438615708303452756e-01
-7.139436743488280612e+00
-3.769508651971749558e+00
-6.205031465749250685e+00
3.799732240419621210e+00
9.132728468484914153e-01
4.338087519398301950e+00
1.156395215239344854e+00
3.732204258641744765e+00
-5.000996416172971415e+00
9.157802806017369956e-01
-5.508511633808478969e+00
-2.569372872175803568e+00
-4.931176694430106089e+00
-1.731269153042187536e+00
1.876446623537172620e+00
-1.858766200748837250e+00
8.909012097151569609e-02
-1.637635309904161840e+00
3.153887555780109597e+00
1.781695280377973312e+00
3.308252328849346835e+00
1.229425451416263027e+00
3.118720121241269627e+00
-4.605675939898825177e+00
1.794204971396265780e+00
-4.751939603070598928e+00
-2.846436700743327552e+00
-4.764462429486389539e+00
4.059426828983780378e-01
8.159448252722659944e+00
2.978279399386900561e-01
-3.676196721413398927e-01
-9.022289324024976853e-01
1.402560120931642729e+01
1.057136527487481104e+01
1.431861986685419019e+01
1.491316969942677595e+01
1.180079150762122708e+01
6.671016581239699761e+00
1.121835840604222057e+01
6.322284992624885192e+00
5.765423501746488988e+00
7.625706318500123260e+00
