-1.737858380060035657e+01
8.021902493233955267e-02
0.000000000000000000e+00
0.000000000000000000e+00
0.000000000000000000e+00
8.499454750835699457e+00
7.971757391612063759e-02
0.000000000000000000e+00
0.000000000000000000e+00
0.000000000000000000e+00
-1.144251167922653600e+01
7.645439078886512307e-02
0.000000000000000000e+00
0.000000000000000000e+00
0.000000000000000000e+00
-1.657317975778655139e+01
4.620327274060260364e-02
0.000000000000000000e+00
0.000000000000000000e+00
0.000000000000000000e+00
6.846532791936850160e+00
4.600644246324735176e-02
0.000000000000000000e+00
0.000000000000000000e+00
0.000000000000000000e+00
-1.073036668425726781e+01
4.478078297358593224e-02
0.000000000000000000e+00
0.000000000000000000e+00
0.000000000000000000e+00
-7.227064661274947177e+00
4.800105758378556825e-02
0.000000000000000000e+00
0.000000000000000000e+00
0.000000000000000000e+00
1.855589943345681947e+00
4.717531785130322369e-02
0.000000000000000000e+00
0.000000000000000000e+00
0.000000000000000000e+00
-5.846732165432663386e+00
4.686001450607939212e-02
0.000000000000000000e+00
0.000000000000000000e+00
0.000000000000000000e+00
-2.301311236814239880e+00
1.032936135839335606e-01
0.000000000000000000e+00
0.000000000000000000e+00
0.000000000000000000e+00
1.809006823586487789e+00
1.013857101226086216e-01
0.000000000000000000e+00
0.000000000000000000e+00
0.000000000000000000e+00
-3.060036693057348156e+00
1.009673650152895646e-01
0.000000000000000000e+00
0.000000000000000000e+00
0.000000000000000000e+00
-8.443091722622345641e-01
3.473577479584852856e-01
0.000000000000000000e+00
0.000000000000000000e+00
0.000000000000000000e+00
1.511368420568516058e+00
3.444617894408322778e-01
0.000000000000000000e+00
0.000000000000000000e+00
0.000000000000000000e+00
-9.097383206505457176e-01
3.483073980217425980e-01
0.000000000000000000e+00
0.000000000000000000e+00
0.000000000000000000e+00
