-4.227712096382452245e+01
2.483324814688966653e-01
0.000000000000000000e+00
0.000000000000000000e+00
0.000000000000000000e+00
3.974331707576659767e+01
2.068073387317445055e-01
0.000000000000000000e+00
0.000000000000000000e+00
0.000000000000000000e+00
-3.490010910404225086e+01
2.148986894360359889e-01
0.000000000000000000e+00
0.000000000000000000e+00
0.000000000000000000e+00
-5.459664939027209130e+01
1.486080844553684110e-01
0.000000000000000000e+00
0.000000000000000000e+00
0.000000000000000000e+00
4.693907748920844369e+01
1.297687575971128160e-01
0.000000000000000000e+00
0.000000000000000000e+00
0.000000000000000000e+00
-3.633949175023897027e+01
1.335688876978992079e-01
0.000000000000000000e+00
0.000000000000000000e+00
0.000000000000000000e+00
-3.944574989247202268e+01
1.458210175595337776e-01
0.000000000000000000e+00
0.000000000000000000e+00
0.000000000000000000e+00
2.797199475148108405e+01
1.327874084398341648e-01
0.000000000000000000e+00
0.000000000000000000e+00
0.000000000000000000e+00
-1.782395096919108468e+01
1.337764736708244306e-01
0.000000000000000000e+00
0.000000000000000000e+00
0.000000000000000000e+00
-2.918166522613319813e+01
2.853684007909118026e-01
0.000000000000000000e+00
0.000000000000000000e+00
0.000000000000000000e+00
1.543149910921694712e+01
2.839104003924441955e-01
0.000000000000000000e+00
0.000000000000000000e+00
0.000000000000000000e+00
-6.437991042491432836e+00
2.858442419068645823e-01
0.000000000000000000e+00
0.000000000000000000e+00
0.000000000000000000e+00
-2.697116493018005201e+01
9.917486559169207405e-01
0.000000000000000000e+00
0.000000000000000000e+00
0.000000000000000000e+00
1.044178700493748480e+01
1.010418316256663784e+00
0.000000000000000000e+00
0.000000000000000000e+00
0.000000000000000000e+00
-2.187507919068942375e+00
1.012025177526531428e+00
0.000000000000000000e+00
0.000000000000000000e+00
0.000000000000000000e+00
