-7.933402525299240615e+00
2.130216280747912379e+02
-7.468649520413133125e+00
-7.933402525299240615e+00
1.693796375299621459e+01
-2.444559867518840246e+00
7.342235740245280340e+02
-8.831380782562381349e-01
-2.444559867518840246e+00
-3.081147865264614705e+00
1.805465500224951114e+01
1.541505928841399680e+02
1.798935417120143043e+01
1.805465500224951114e+01
3.894204955309258054e+01
-5.249461432628820035e+01
9.994359481815816793e+00
-5.249558222652868267e+01
-5.249461432628820035e+01
-4.246772291025742874e+01
4.922482721157167873e+01
6.835454339130060930e+01
4.923360580544672871e+01
4.922482721157167873e+01
5.282211278344848182e+01
-4.150372453696869002e+01
8.624524640236080586e+01
-4.149486012184594586e+01
-4.150372453696869002e+01
-4.342764339687008857e+01
-2.839402764892198761e+01
4.265789039612751310e+01
-2.843047700138525258e+01
-5.121216028371742723e+00
-2.319003446633861998e+01
-1.195559558706704628e+01
7.402585602607281601e+01
-1.200512656076642060e+01
-3.068364878779646254e+00
-2.034848709904862574e+01
1.862722782741223160e+00
7.132350738355405895e+01
1.858879256716923223e+00
-3.244769594589623773e-01
1.340198522852046992e+00
-7.172757218951566482e-01
2.004754253996057969e+02
-7.237471486450619551e-01
-7.172757218951566482e-01
6.689120468913335449e-01
-1.490706125132065907e+00
3.790094435188804596e+02
-1.390677622027093774e+00
-1.490706125132065907e+00
-2.945672699266558947e+00
4.131335660324173986e+00
1.557323271187260332e+02
4.029537674889843046e+00
4.131335660324173986e+00
5.237220830154925011e+00
0.000000000000000000e+00
1.414213562373095101e+02
0.000000000000000000e+00
0.000000000000000000e+00
0.000000000000000000e+00
0.000000000000000000e+00
1.414213562373095101e+02
0.000000000000000000e+00
0.000000000000000000e+00
0.000000000000000000e+00
0.000000000000000000e+00
1.414213562373095101e+02
0.000000000000000000e+00
0.000000000000000000e+00
0.000000000000000000e+00
