-1.413073426373680519e+01
9.132949839376531820e-01
-1.398730818123971531e+01
-1.344958422602107184e+01
-1.415060470304948836e+01
7.249620902816025669e+00
9.022453846268830846e-01
7.242303523222346051e+00
6.554562314319004379e+00
7.215930629165683285e+00
-3.742606297707902652e+00
8.933755180282639818e-01
-3.752878020328757280e+00
-3.102161220506249872e+00
-3.634685733309603428e+00
-1.357484877333900997e+01
4.972854412180023886e-01
-1.363821090638098710e+01
-1.271089476804020890e+01
-1.354623012585146924e+01
4.699814923441849146e+00
5.120174331472431284e-01
4.785659242577748884e+00
3.766998136433968192e+00
4.665874977182664196e+00
2.975937251500226921e-01
5.074665426268593071e-01
2.091008856533100591e-01
1.213322487890451384e+00
3.456746514248277280e-01
-7.711877891925393413e+00
4.249328054702038449e-01
-7.820975996185708823e+00
-6.992064532665752452e+00
-7.699584804277870731e+00
1.637239484528393518e+00
4.267557369629016439e-01
1.766462003434911665e+00
8.963093719152633865e-01
1.619004214739017566e+00
-1.384050133597387378e+00
4.269861896413045810e-01
-1.511126470118564935e+00
-6.801099712687265209e-01
-1.368663398729339065e+00
-5.478758416061948466e+00
6.082713618593743599e-01
-5.339476638111412043e+00
-6.244150190576726267e+00
-5.483761262332947695e+00
1.989275855372700574e+00
6.034173159331750469e-01
1.862135322551959016e+00
2.750558447836004561e+00
1.994942096808663079e+00
-1.235694730939746577e+00
6.022202325076122520e-01
-1.107881113597481981e+00
-1.967916852043294362e+00
-1.235522978137887584e+00
-2.142447010903756333e+00
1.434594392872335256e+00
-1.907582486273614153e+00
-2.884097547234577785e+00
-2.147856604834114780e+00
2.789142667865891934e+00
1.423804548629731714e+00
2.554690448686089965e+00
3.524114299254120564e+00
2.771257058485288471e+00
-1.173472430479892692e+00
1.426657470815988260e+00
-9.426699392646015196e-01
-1.889727639142939397e+00
-1.145213355209221850e+00
