-1.212324436157837582e+01
9.690081733365521477e-02
0.000000000000000000e+00
0.000000000000000000e+00
0.000000000000000000e+00
5.747305424715746014e+00
9.370806502154155337e-02
0.000000000000000000e+00
0.000000000000000000e+00
0.000000000000000000e+00
-1.532082701197567287e+00
9.579748701601052685e-02
0.000000000000000000e+00
0.000000000000000000e+00
0.000000000000000000e+00
-1.251010513063054397e+01
3.818343279457626915e-02
0.000000000000000000e+00
0.000000000000000000e+00
0.000000000000000000e+00
4.957778278336658850e+00
3.794472819521121226e-02
0.000000000000000000e+00
0.000000000000000000e+00
0.000000000000000000e+00
-1.406352951606993695e+00
3.781631366507622743e-02
0.000000000000000000e+00
0.000000000000000000e+00
0.000000000000000000e+00
-8.324109843200226067e+00
2.426146501607895356e-02
0.000000000000000000e+00
0.000000000000000000e+00
0.000000000000000000e+00
2.760781712207562411e+00
2.412516104272153378e-02
0.000000000000000000e+00
0.000000000000000000e+00
0.000000000000000000e+00
-9.048938140879645431e-01
2.410378267366318494e-02
0.000000000000000000e+00
0.000000000000000000e+00
0.000000000000000000e+00
-5.012336118539806762e+00
3.089196875549767712e-02
0.000000000000000000e+00
0.000000000000000000e+00
0.000000000000000000e+00
1.657428466099106323e+00
3.071784824893125307e-02
0.000000000000000000e+00
0.000000000000000000e+00
0.000000000000000000e+00
-4.151065806761863874e-01
3.068782531122512397e-02
0.000000000000000000e+00
0.000000000000000000e+00
0.000000000000000000e+00
-3.176127284370878545e+00
7.890616204267543454e-02
0.000000000000000000e+00
0.000000000000000000e+00
0.000000000000000000e+00
1.222707417988561973e+00
7.831930218319584081e-02
0.000000000000000000e+00
0.000000000000000000e+00
0.000000000000000000e+00
-1.752615044160266422e-01
7.839512630690274875e-02
0.000000000000000000e+00
0.000000000000000000e+00
0.000000000000000000e+00
