-2.194637291935044487e+01
6.236969752985892512e-01
0.000000000000000000e+00
0.000000000000000000e+00
0.000000000000000000e+00
2.027674447634044697e+01
5.851689710800499489e-01
0.000000000000000000e+00
0.000000000000000000e+00
0.000000000000000000e+00
-2.050558439592760251e+01
5.631917549103905296e-01
0.000000000000000000e+00
0.000000000000000000e+00
0.000000000000000000e+00
-3.867782030630198875e+01
1.275782501977245353e-01
0.000000000000000000e+00
0.000000000000000000e+00
0.000000000000000000e+00
3.416325950891299357e+01
1.112384087285878259e-01
0.000000000000000000e+00
0.000000000000000000e+00
0.000000000000000000e+00
-2.882584341895655200e+01
1.146043717454751226e-01
0.000000000000000000e+00
0.000000000000000000e+00
0.000000000000000000e+00
-4.830381881377630293e+01
6.456330147456361412e-02
0.000000000000000000e+00
0.000000000000000000e+00
0.000000000000000000e+00
3.915276887728572319e+01
6.062640734449720181e-02
0.000000000000000000e+00
0.000000000000000000e+00
0.000000000000000000e+00
-2.959102454488903433e+01
6.117186136713885503e-02
0.000000000000000000e+00
0.000000000000000000e+00
0.000000000000000000e+00
-2.926915630752521125e+01
5.199210728570157619e-02
0.000000000000000000e+00
0.000000000000000000e+00
0.000000000000000000e+00
1.822970602614479674e+01
4.988878500318164738e-02
0.000000000000000000e+00
0.000000000000000000e+00
0.000000000000000000e+00
-1.074095830150017683e+01
5.008802860341056429e-02
0.000000000000000000e+00
0.000000000000000000e+00
0.000000000000000000e+00
-2.404055997140580914e+01
6.957570575698361626e-02
0.000000000000000000e+00
0.000000000000000000e+00
0.000000000000000000e+00
1.284167649032575120e+01
6.794990260694114270e-02
0.000000000000000000e+00
0.000000000000000000e+00
0.000000000000000000e+00
-6.410044992759964977e+00
6.810162838799253826e-02
0.000000000000000000e+00
0.000000000000000000e+00
0.000000000000000000e+00
-2.073856976720702505e+01
1.036272994626440264e-01
0.000000000000000000e+00
0.000000000000000000e+00
0.000000000000000000e+00
9.284348231873867263e+00
1.006122833273820905e-01
0.000000000000000000e+00
0.000000000000000000e+00
0.000000000000000000e+00
-3.643052329856268923e+00
1.016673402285869221e-01
0.000000000000000000e+00
0.000000000000000000e+00
0.000000000000000000e+00
-2.025534993200319889e+01
1.139614175261077500e-01
0.000000000000000000e+00
0.000000000000000000e+00
0.000000000000000000e+00
8.800027171937847115e+00
1.105668403419357154e-01
0.000000000000000000e+00
0.000000000000000000e+00
0.000000000000000000e+00
-3.449780723388348846e+00
1.111208768212282039e-01
0.000000000000000000e+00
0.000000000000000000e+00
0.000000000000000000e+00
-1.966721544791115406e+01
1.264855531516017040e-01
0.000000000000000000e+00
0.000000000000000000e+00
0.000000000000000000e+00
8.399340621857447786e+00
1.222852146983560290e-01
0.000000000000000000e+00
0.000000000000000000e+00
0.000000000000000000e+00
-3.139363592679399684e+00
1.229896838217280353e-01
0.000000000000000000e+00
0.000000000000000000e+00
0.000000000000000000e+00
-1.956654796784024342e+01
1.395512182398448431e-01
0.000000000000000000e+00
0.000000000000000000e+00
0.000000000000000000e+00
8.010277983492171572e+00
1.349947618088823686e-01
0.000000000000000000e+00
0.000000000000000000e+00
0.000000000000000000e+00
-2.956699111460037166e+00
1.357074550442918248e-01
0.000000000000000000e+00
0.000000000000000000e+00
0.000000000000000000e+00
-1.932204575570878191e+01
1.550001658834134211e-01
0.000000000000000000e+00
0.000000000000000000e+00
0.000000000000000000e+00
7.625826352300213884e+00
1.495935450822445112e-01
0.000000000000000000e+00
0.000000000000000000e+00
0.000000000000000000e+00
-2.536741374109323210e+00
1.498204946000523397e-01
0.000000000000000000e+00
0.000000000000000000e+00
0.000000000000000000e+00
-1.923157651545995606e+01
1.736731095609552189e-01
0.000000000000000000e+00
0.000000000000000000e+00
0.000000000000000000e+00
7.101812624456509404e+00
1.707511947041091827e-01
0.000000000000000000e+00
0.000000000000000000e+00
0.000000000000000000e+00
-2.121983023301960536e+00
1.700039812877746359e-01
0.000000000000000000e+00
0.000000000000000000e+00
0.000000000000000000e+00
-1.953750773902104498e+01
1.921547963713341467e-01
0.000000000000000000e+00
0.000000000000000000e+00
0.000000000000000000e+00
6.769604727410357903e+00
1.917060937886665151e-01
0.000000000000000000e+00
0.000000000000000000e+00
0.000000000000000000e+00
-1.567222225713149619e+00
1.901934319511580096e-01
0.000000000000000000e+00
0.000000000000000000e+00
0.000000000000000000e+00
-1.901085166101058732e+01
2.223313025473674098e-01
0.000000000000000000e+00
0.000000000000000000e+00
0.000000000000000000e+00
6.755767604234421242e+00
2.188135444492099180e-01
0.000000000000000000e+00
0.000000000000000000e+00
0.000000000000000000e+00
-1.364139560092670900e+00
2.169247551167297894e-01
0.000000000000000000e+00
0.000000000000000000e+00
0.000000000000000000e+00
-1.830445372418046190e+01
2.554714714391774777e-01
0.000000000000000000e+00
0.000000000000000000e+00
0.000000000000000000e+00
6.286478330308281848e+00
2.529247351855641868e-01
0.000000000000000000e+00
0.000000000000000000e+00
0.000000000000000000e+00
-1.208246618849856624e+00
2.507353289130441754e-01
0.000000000000000000e+00
0.000000000000000000e+00
0.000000000000000000e+00
-1.851432154132188401e+01
2.985470906651168654e-01
0.000000000000000000e+00
0.000000000000000000e+00
0.000000000000000000e+00
6.624303417866111765e+00
2.939309512588517137e-01
0.000000000000000000e+00
0.000000000000000000e+00
0.000000000000000000e+00
-1.758923395840135795e+00
2.885335294541503948e-01
0.000000000000000000e+00
0.000000000000000000e+00
0.000000000000000000e+00
-1.747961385920479671e+01
3.444942437442995997e-01
0.000000000000000000e+00
0.000000000000000000e+00
0.000000000000000000e+00
5.891843582697138260e+00
3.373627380369618178e-01
0.000000000000000000e+00
0.000000000000000000e+00
0.000000000000000000e+00
-1.447104868737304040e+00
3.359679829512279836e-01
0.000000000000000000e+00
0.000000000000000000e+00
0.000000000000000000e+00
