-2.158022964595163103e+03
6.565160569863977003e+01
0.000000000000000000e+00
0.000000000000000000e+00
0.000000000000000000e+00
-9.866798053112473781e+02
5.869415981069225552e+01
0.000000000000000000e+00
0.000000000000000000e+00
0.000000000000000000e+00
-5.381926601204576173e+02
4.919766105836649217e+01
0.000000000000000000e+00
0.000000000000000000e+00
0.000000000000000000e+00
-4.421069702634856213e+01
2.478696579742490691e+00
0.000000000000000000e+00
0.000000000000000000e+00
0.000000000000000000e+00
3.321216406737532623e+01
2.592351734983013856e+00
0.000000000000000000e+00
0.000000000000000000e+00
0.000000000000000000e+00
-2.455385341593922277e+01
3.287228527555777102e+00
0.000000000000000000e+00
0.000000000000000000e+00
0.000000000000000000e+00
-4.703553754861361114e+01
2.139270616361740096e+00
0.000000000000000000e+00
0.000000000000000000e+00
0.000000000000000000e+00
4.406165192911813477e+01
1.611658889993954125e+00
0.000000000000000000e+00
0.000000000000000000e+00
0.000000000000000000e+00
-2.884111858845481180e+01
1.752614095984672105e+00
0.000000000000000000e+00
0.000000000000000000e+00
0.000000000000000000e+00
-2.716820566442244100e+01
1.365520129590398257e+00
0.000000000000000000e+00
0.000000000000000000e+00
0.000000000000000000e+00
1.674932190623900041e+01
1.294862864510745837e+00
0.000000000000000000e+00
0.000000000000000000e+00
0.000000000000000000e+00
-9.901725144220693053e+00
1.293118773913172204e+00
0.000000000000000000e+00
0.000000000000000000e+00
0.000000000000000000e+00
-2.770519569003033311e+01
1.993073218054296936e+00
0.000000000000000000e+00
0.000000000000000000e+00
0.000000000000000000e+00
1.278612143587440109e+01
1.848921862971693031e+00
0.000000000000000000e+00
0.000000000000000000e+00
0.000000000000000000e+00
-7.861718423667213074e+00
2.016850299354278953e+00
0.000000000000000000e+00
0.000000000000000000e+00
0.000000000000000000e+00
-1.769101966407624360e+01
4.782745768626242899e+00
0.000000000000000000e+00
0.000000000000000000e+00
0.000000000000000000e+00
1.876722420764427568e+01
8.549271284009044791e+00
0.000000000000000000e+00
0.000000000000000000e+00
0.000000000000000000e+00
-1.125689374061052739e+01
5.220505602493543229e+00
0.000000000000000000e+00
0.000000000000000000e+00
0.000000000000000000e+00
-1.553101728594917041e+01
6.803059299366037926e+00
0.000000000000000000e+00
0.000000000000000000e+00
0.000000000000000000e+00
-1.259761192204094016e+01
2.508921663224854370e+01
0.000000000000000000e+00
0.000000000000000000e+00
0.000000000000000000e+00
-1.013533363151177902e+01
4.417508169331338941e+00
0.000000000000000000e+00
0.000000000000000000e+00
0.000000000000000000e+00
-5.929010161300532822e+00
3.322843057662745014e+00
0.000000000000000000e+00
0.000000000000000000e+00
0.000000000000000000e+00
-4.081297398721945058e+01
1.287863124488754174e+01
0.000000000000000000e+00
0.000000000000000000e+00
0.000000000000000000e+00
-1.123240780496449354e+01
3.662461539181903536e+00
0.000000000000000000e+00
0.000000000000000000e+00
0.000000000000000000e+00
-7.168308936716795365e+00
1.390619777558994841e+01
0.000000000000000000e+00
0.000000000000000000e+00
0.000000000000000000e+00
-3.456996884049946317e+01
4.733009703517468125e+01
0.000000000000000000e+00
0.000000000000000000e+00
0.000000000000000000e+00
-5.594372442183099814e+00
2.127155084627919024e+01
0.000000000000000000e+00
0.000000000000000000e+00
0.000000000000000000e+00
-1.296309463112883797e+01
9.551719550872885378e+00
0.000000000000000000e+00
0.000000000000000000e+00
0.000000000000000000e+00
-4.495818778498522761e+01
2.582550094673935348e+01
0.000000000000000000e+00
0.000000000000000000e+00
0.000000000000000000e+00
5.788189621192478818e+00
9.806541421875603959e+00
0.000000000000000000e+00
0.000000000000000000e+00
0.000000000000000000e+00
-1.146485977730200290e+01
9.332809630351738051e+00
0.000000000000000000e+00
0.000000000000000000e+00
0.000000000000000000e+00
-4.666501162718716955e+01
2.263350612738682344e+01
0.000000000000000000e+00
0.000000000000000000e+00
0.000000000000000000e+00
1.025818239926135433e+01
8.494081445233945260e+00
0.000000000000000000e+00
0.000000000000000000e+00
0.000000000000000000e+00
-2.802217516147060223e+02
5.301605488110051567e+01
0.000000000000000000e+00
0.000000000000000000e+00
0.000000000000000000e+00
2.699132472574282815e+02
1.051871610648366158e+02
0.000000000000000000e+00
0.000000000000000000e+00
0.000000000000000000e+00
3.516616045790983662e+02
7.662927469105915179e+01
0.000000000000000000e+00
0.000000000000000000e+00
0.000000000000000000e+00
-2.737111774308574397e+01
1.610007645639565510e+02
0.000000000000000000e+00
0.000000000000000000e+00
0.000000000000000000e+00
3.121023072935779652e+01
8.515848091949547438e+01
0.000000000000000000e+00
0.000000000000000000e+00
0.000000000000000000e+00
-2.123911900184559443e+01
1.216201183469545128e+02
0.000000000000000000e+00
0.000000000000000000e+00
0.000000000000000000e+00
-1.193034842995399991e+01
1.238095914997315731e+03
0.000000000000000000e+00
0.000000000000000000e+00
0.000000000000000000e+00
4.218113827659519899e+01
5.789986247318655614e+02
0.000000000000000000e+00
0.000000000000000000e+00
0.000000000000000000e+00
-1.263800141640790109e+01
1.109631429263944710e+03
0.000000000000000000e+00
0.000000000000000000e+00
0.000000000000000000e+00
-2.049009889938121432e+03
4.001365819782293329e+03
0.000000000000000000e+00
0.000000000000000000e+00
0.000000000000000000e+00
-6.968398006515017187e+02
1.443793858509605343e+03
0.000000000000000000e+00
0.000000000000000000e+00
0.000000000000000000e+00
-1.708522768287984263e+03
3.341061507096712376e+03
0.000000000000000000e+00
0.000000000000000000e+00
0.000000000000000000e+00
-6.963516427753495464e+01
1.416414276485538437e+02
0.000000000000000000e+00
0.000000000000000000e+00
0.000000000000000000e+00
8.704823103725432532e+01
1.626816461373662435e+02
0.000000000000000000e+00
0.000000000000000000e+00
0.000000000000000000e+00
-5.445560709085302875e+01
1.811241226497574530e+02
0.000000000000000000e+00
0.000000000000000000e+00
0.000000000000000000e+00
