-9.216036154356231691e+00
1.551838066589197040e-01
0.000000000000000000e+00
0.000000000000000000e+00
0.000000000000000000e+00
3.404594118016939674e+00
1.544330816844329268e-01
0.000000000000000000e+00
0.000000000000000000e+00
0.000000000000000000e+00
-8.919424109545815993e-01
1.561023618786173961e-01
0.000000000000000000e+00
0.000000000000000000e+00
0.000000000000000000e+00
-1.011037157572630463e+01
7.448312206347516840e-02
0.000000000000000000e+00
0.000000000000000000e+00
0.000000000000000000e+00
3.532250042683261704e+00
7.439371359320688659e-02
0.000000000000000000e+00
0.000000000000000000e+00
0.000000000000000000e+00
-7.680367039482750569e-01
7.455006220847554266e-02
0.000000000000000000e+00
0.000000000000000000e+00
0.000000000000000000e+00
-6.464981140917680946e+00
5.819995720905146719e-02
0.000000000000000000e+00
0.000000000000000000e+00
0.000000000000000000e+00
1.761246674930248890e+00
5.820562273368322381e-02
0.000000000000000000e+00
0.000000000000000000e+00
0.000000000000000000e+00
-3.581301529673943107e-01
5.804799735982645731e-02
0.000000000000000000e+00
0.000000000000000000e+00
0.000000000000000000e+00
-4.133117426859663546e+00
8.004339957585535070e-02
0.000000000000000000e+00
0.000000000000000000e+00
0.000000000000000000e+00
8.423440767403762575e-01
7.982511350310592113e-02
0.000000000000000000e+00
0.000000000000000000e+00
0.000000000000000000e+00
-6.120113758054913922e-02
8.003400259931214844e-02
0.000000000000000000e+00
0.000000000000000000e+00
0.000000000000000000e+00
-3.111300365432892345e+00
1.960929089999312036e-01
0.000000000000000000e+00
0.000000000000000000e+00
0.000000000000000000e+00
5.239450213171351622e-01
1.966334702933732193e-01
0.000000000000000000e+00
0.000000000000000000e+00
0.000000000000000000e+00
3.630094307595436165e-01
1.956982978914166282e-01
0.000000000000000000e+00
0.000000000000000000e+00
0.000000000000000000e+00
