-1.508693935261024066e+01
2.277466532511119190e+00
-1.470063411409233645e+01
-1.319960191481911416e+01
-1.499328986765339700e+01
1.751689753148607087e+00
2.457082543848973177e+00
1.459775111977625439e+00
-3.649802041044675760e-01
1.928720248126796655e+00
2.189826707462829702e+00
2.371698998975923178e+00
2.334972696651670621e+00
4.151655540566785874e+00
2.232504229302593401e+00
-1.419535592142648106e+01
1.332075322232041392e+00
-1.409072294163780903e+01
-1.317554058744090639e+01
-1.432910080931731933e+01
2.510471121336041556e+00
1.335427006717573528e+00
2.403743235373434484e+00
1.381482746342195034e+00
2.580119145836399230e+00
6.322147050271809121e-01
1.402566135711714068e+00
7.518665072966004281e-01
1.756904135011333024e+00
6.940488002478488738e-01
-4.831061893647531136e+00
1.458874082242597625e+00
-4.991635460204542518e+00
-7.395530307644873957e+00
-4.925879274144476128e+00
2.601469586882808827e+00
1.387249299154426962e+00
2.900855712435944866e+00
5.103192335114565381e+00
2.618246040493328319e+00
1.194283443119977584e+00
1.463072194198191456e+00
8.812393111569205573e-01
-1.180682845877908171e+00
1.155498854617400539e+00
-2.194824670002307521e+00
2.012000968810209844e+00
-2.003133615472005413e+00
-2.795100278982386222e+00
-2.910154130435090192e+00
1.416480600356666564e+00
2.053575088492400891e+00
1.225191673957836791e+00
2.110540174017015325e+00
8.837471308243641799e-01
-4.744107460792989173e+00
2.110336599990471740e+00
-4.559615886502620619e+00
-5.392682494813271887e+00
-4.279198308063112854e+00
-1.169877115912320775e+01
8.696510771804049966e+00
-1.159425714657365347e+01
-1.169877115912320775e+01
-1.163286054938238046e+01
2.163938401974851100e+00
2.909529907479719668e+01
1.789608822978225655e+00
2.163938401974851100e+00
5.897162946568937691e+00
9.509878695267406812e+00
4.990918444538563392e+01
1.014418281840593572e+01
9.509878695267406812e+00
2.288145682887734456e+00
