-2.774059913753009710e+01
4.420475279207854991e-01
0.000000000000000000e+00
0.000000000000000000e+00
0.000000000000000000e+00
1.378808946083213982e+01
4.689473323330444199e-01
0.000000000000000000e+00
0.000000000000000000e+00
0.000000000000000000e+00
-1.388952479004750273e+01
4.330889559556319046e-01
0.000000000000000000e+00
0.000000000000000000e+00
0.000000000000000000e+00
-2.374371912225984005e+01
4.431500678053554992e-02
0.000000000000000000e+00
0.000000000000000000e+00
0.000000000000000000e+00
1.290531688567750379e+01
4.459592092361253785e-02
0.000000000000000000e+00
0.000000000000000000e+00
0.000000000000000000e+00
-1.151481675764296853e+01
4.361000217380893440e-02
0.000000000000000000e+00
0.000000000000000000e+00
0.000000000000000000e+00
-2.055221106868558323e+01
2.197617979084709461e-02
0.000000000000000000e+00
0.000000000000000000e+00
0.000000000000000000e+00
9.223649471016656776e+00
2.229556967567317832e-02
0.000000000000000000e+00
0.000000000000000000e+00
0.000000000000000000e+00
-7.989641254822446470e+00
2.174858206938555180e-02
0.000000000000000000e+00
0.000000000000000000e+00
0.000000000000000000e+00
-7.868660369110672015e+00
1.238051434724711519e-02
0.000000000000000000e+00
0.000000000000000000e+00
0.000000000000000000e+00
1.657513251219083106e+00
1.223085129446191410e-02
0.000000000000000000e+00
0.000000000000000000e+00
0.000000000000000000e+00
-2.665622076862178336e+00
1.213294931132439906e-02
0.000000000000000000e+00
0.000000000000000000e+00
0.000000000000000000e+00
-5.631886822730098885e+00
1.418573726812349250e-02
0.000000000000000000e+00
0.000000000000000000e+00
0.000000000000000000e+00
1.073849081826790064e+00
1.408909185979913270e-02
0.000000000000000000e+00
0.000000000000000000e+00
0.000000000000000000e+00
-1.891254401133641405e+00
1.416553538302398919e-02
0.000000000000000000e+00
0.000000000000000000e+00
0.000000000000000000e+00
-4.045197138614080146e+00
1.926452175841688111e-02
0.000000000000000000e+00
0.000000000000000000e+00
0.000000000000000000e+00
9.684039282521678116e-01
1.909626168750584718e-02
0.000000000000000000e+00
0.000000000000000000e+00
0.000000000000000000e+00
-1.318322885531493238e+00
1.904833271567406283e-02
0.000000000000000000e+00
0.000000000000000000e+00
0.000000000000000000e+00
-3.791054372271164485e+00
2.097405126084456520e-02
0.000000000000000000e+00
0.000000000000000000e+00
0.000000000000000000e+00
9.964962937384994612e-01
2.080286828531111715e-02
0.000000000000000000e+00
0.000000000000000000e+00
0.000000000000000000e+00
-1.224349468335243385e+00
2.075209214408717251e-02
0.000000000000000000e+00
0.000000000000000000e+00
0.000000000000000000e+00
-3.567799886070768256e+00
2.295237174430495714e-02
0.000000000000000000e+00
0.000000000000000000e+00
0.000000000000000000e+00
1.053727496377244499e+00
2.275950925074700371e-02
0.000000000000000000e+00
0.000000000000000000e+00
0.000000000000000000e+00
-1.121572007610875943e+00
2.271930276228104409e-02
0.000000000000000000e+00
0.000000000000000000e+00
0.000000000000000000e+00
-3.314924820772938041e+00
2.529765688797741899e-02
0.000000000000000000e+00
0.000000000000000000e+00
0.000000000000000000e+00
1.095637000119987103e+00
2.506583087103090787e-02
0.000000000000000000e+00
0.000000000000000000e+00
0.000000000000000000e+00
-1.119874760020138416e+00
2.503121910872759676e-02
0.000000000000000000e+00
0.000000000000000000e+00
0.000000000000000000e+00
-3.145908327879691324e+00
2.799255103199671524e-02
0.000000000000000000e+00
0.000000000000000000e+00
0.000000000000000000e+00
1.060126650947205817e+00
2.773488664216907165e-02
0.000000000000000000e+00
0.000000000000000000e+00
0.000000000000000000e+00
-1.073108176939387315e+00
2.770469123150616844e-02
0.000000000000000000e+00
0.000000000000000000e+00
0.000000000000000000e+00
-3.021047645505083867e+00
3.115519578257188241e-02
0.000000000000000000e+00
0.000000000000000000e+00
0.000000000000000000e+00
1.163437513576337068e+00
3.083758361279375498e-02
0.000000000000000000e+00
0.000000000000000000e+00
0.000000000000000000e+00
-1.004367593826549943e+00
3.081404939651178829e-02
0.000000000000000000e+00
0.000000000000000000e+00
0.000000000000000000e+00
-2.788524164552506956e+00
3.488176294960623064e-02
0.000000000000000000e+00
0.000000000000000000e+00
0.000000000000000000e+00
1.184574951904015849e+00
3.448022343281859081e-02
0.000000000000000000e+00
0.000000000000000000e+00
0.000000000000000000e+00
-8.519423201479492391e-01
3.448243579157907190e-02
0.000000000000000000e+00
0.000000000000000000e+00
0.000000000000000000e+00
-2.596719885754132484e+00
3.921265632701841780e-02
0.000000000000000000e+00
0.000000000000000000e+00
0.000000000000000000e+00
1.248662154862478335e+00
3.874363855933301432e-02
0.000000000000000000e+00
0.000000000000000000e+00
0.000000000000000000e+00
-8.501047315392890047e-01
3.876972034515096394e-02
0.000000000000000000e+00
0.000000000000000000e+00
0.000000000000000000e+00
-2.388932930637167829e+00
4.419107573240281528e-02
0.000000000000000000e+00
0.000000000000000000e+00
0.000000000000000000e+00
1.299049562581904294e+00
4.372398115636245974e-02
0.000000000000000000e+00
0.000000000000000000e+00
0.000000000000000000e+00
-8.237988293634939119e-01
4.379747525994976548e-02
0.000000000000000000e+00
0.000000000000000000e+00
0.000000000000000000e+00
-2.262284070943052949e+00
5.017452486335152034e-02
0.000000000000000000e+00
0.000000000000000000e+00
0.000000000000000000e+00
1.392881148978745820e+00
4.964181358812537470e-02
0.000000000000000000e+00
0.000000000000000000e+00
0.000000000000000000e+00
-7.747193988398233255e-01
4.970691504754998213e-02
0.000000000000000000e+00
0.000000000000000000e+00
0.000000000000000000e+00
-2.084550974308323923e+00
5.724563637224844986e-02
0.000000000000000000e+00
0.000000000000000000e+00
0.000000000000000000e+00
1.291265782058713674e+00
5.663884185607298560e-02
0.000000000000000000e+00
0.000000000000000000e+00
0.000000000000000000e+00
-6.736381618576899877e-01
5.676420990643251535e-02
0.000000000000000000e+00
0.000000000000000000e+00
0.000000000000000000e+00
