5.622507682993737888e+01
5.794323013813523460e+01
0.000000000000000000e+00
0.000000000000000000e+00
0.000000000000000000e+00
5.235752888050372178e+01
4.497325434438256764e+01
0.000000000000000000e+00
0.000000000000000000e+00
0.000000000000000000e+00
3.838121562903486250e+01
3.579885127790630861e+01
0.000000000000000000e+00
0.000000000000000000e+00
0.000000000000000000e+00
-1.772438242915614737e+01
6.955059722975225345e-01
0.000000000000000000e+00
0.000000000000000000e+00
0.000000000000000000e+00
9.003673902347999913e+00
6.876620764901597571e-01
0.000000000000000000e+00
0.000000000000000000e+00
0.000000000000000000e+00
-9.111670201010326764e+00
6.812224455263291567e-01
0.000000000000000000e+00
0.000000000000000000e+00
0.000000000000000000e+00
-2.079746225987693009e+01
3.987712663851364359e-01
0.000000000000000000e+00
0.000000000000000000e+00
0.000000000000000000e+00
1.143294091979585758e+01
4.076108596309626075e-01
0.000000000000000000e+00
0.000000000000000000e+00
0.000000000000000000e+00
-7.605187096292686633e+00
3.992181955100243540e-01
0.000000000000000000e+00
0.000000000000000000e+00
0.000000000000000000e+00
-7.459571103041223950e+00
2.459768536082190260e-01
0.000000000000000000e+00
0.000000000000000000e+00
0.000000000000000000e+00
1.421276090892831689e+00
2.443170275558970705e-01
0.000000000000000000e+00
0.000000000000000000e+00
0.000000000000000000e+00
-3.023547936402629421e+00
2.469216844823753365e-01
0.000000000000000000e+00
0.000000000000000000e+00
0.000000000000000000e+00
-6.461634003155730888e+00
3.064822523508171082e-01
0.000000000000000000e+00
0.000000000000000000e+00
0.000000000000000000e+00
8.037201710613383066e-01
3.045322002799089045e-01
0.000000000000000000e+00
0.000000000000000000e+00
0.000000000000000000e+00
-1.889436247167185279e+00
3.080369465274405139e-01
0.000000000000000000e+00
0.000000000000000000e+00
0.000000000000000000e+00
-6.109477982151394926e+00
4.266232354730125631e-01
0.000000000000000000e+00
0.000000000000000000e+00
0.000000000000000000e+00
1.178273310715589162e+00
4.216931367192806035e-01
0.000000000000000000e+00
0.000000000000000000e+00
0.000000000000000000e+00
-1.973361168048163528e+00
4.269654417760143650e-01
0.000000000000000000e+00
0.000000000000000000e+00
0.000000000000000000e+00
-6.033810809681122933e+00
4.670137092682701274e-01
0.000000000000000000e+00
0.000000000000000000e+00
0.000000000000000000e+00
7.935708449398859443e-01
4.633082248957553495e-01
0.000000000000000000e+00
0.000000000000000000e+00
0.000000000000000000e+00
-1.867949439375745202e+00
4.666106021437199658e-01
0.000000000000000000e+00
0.000000000000000000e+00
0.000000000000000000e+00
-5.114741630158049723e+00
5.120616657163510332e-01
0.000000000000000000e+00
0.000000000000000000e+00
0.000000000000000000e+00
1.126846986549622454e+00
5.090640713743206369e-01
0.000000000000000000e+00
0.000000000000000000e+00
0.000000000000000000e+00
-1.798127117083688553e+00
5.116191566309136185e-01
0.000000000000000000e+00
0.000000000000000000e+00
0.000000000000000000e+00
-4.660044480801342814e+00
5.659915227225502665e-01
0.000000000000000000e+00
0.000000000000000000e+00
0.000000000000000000e+00
1.493775429307238944e+00
5.617630433925422384e-01
0.000000000000000000e+00
0.000000000000000000e+00
0.000000000000000000e+00
-2.429077516873598963e+00
5.598487951540431773e-01
0.000000000000000000e+00
0.000000000000000000e+00
0.000000000000000000e+00
-4.632150605482454608e+00
6.313907311653648158e-01
0.000000000000000000e+00
0.000000000000000000e+00
0.000000000000000000e+00
2.242202745417676724e+00
6.191451043926308184e-01
0.000000000000000000e+00
0.000000000000000000e+00
0.000000000000000000e+00
-2.703088164702886154e+00
6.127328765800239552e-01
0.000000000000000000e+00
0.000000000000000000e+00
0.000000000000000000e+00
-3.817808533395778525e+00
7.073747723302973300e-01
0.000000000000000000e+00
0.000000000000000000e+00
0.000000000000000000e+00
2.048437080331297899e+00
6.925398910223780069e-01
0.000000000000000000e+00
0.000000000000000000e+00
0.000000000000000000e+00
-2.337794089242974938e+00
6.925461091931216506e-01
0.000000000000000000e+00
0.000000000000000000e+00
0.000000000000000000e+00
-2.621880588591127825e+00
7.760571958504876022e-01
0.000000000000000000e+00
0.000000000000000000e+00
0.000000000000000000e+00
2.371399656969257919e+00
7.401546620692102119e-01
0.000000000000000000e+00
0.000000000000000000e+00
0.000000000000000000e+00
-1.599603714629688644e+00
7.601830301769290088e-01
0.000000000000000000e+00
0.000000000000000000e+00
0.000000000000000000e+00
-6.329811436008431214e-01
9.050872576300571515e-01
0.000000000000000000e+00
0.000000000000000000e+00
0.000000000000000000e+00
2.877308640900154924e+00
8.481101762548584055e-01
0.000000000000000000e+00
0.000000000000000000e+00
0.000000000000000000e+00
4.776739622250757988e-01
8.832519371502647321e-01
0.000000000000000000e+00
0.000000000000000000e+00
0.000000000000000000e+00
-1.384945395172779703e+00
1.057049691533469282e+00
0.000000000000000000e+00
0.000000000000000000e+00
0.000000000000000000e+00
3.590970832580577810e+00
9.656053785375290355e-01
0.000000000000000000e+00
0.000000000000000000e+00
0.000000000000000000e+00
1.600141770155328436e+00
1.028246849233188875e+00
0.000000000000000000e+00
0.000000000000000000e+00
0.000000000000000000e+00
6.362394356905407555e-01
1.130333309185169499e+00
0.000000000000000000e+00
0.000000000000000000e+00
0.000000000000000000e+00
3.620586150088021871e+00
1.051335338395639418e+00
0.000000000000000000e+00
0.000000000000000000e+00
0.000000000000000000e+00
4.827997700479958465e-01
1.112125200293729410e+00
0.000000000000000000e+00
0.000000000000000000e+00
0.000000000000000000e+00
6.325141143502371888e-01
1.317139407932937267e+00
0.000000000000000000e+00
0.000000000000000000e+00
0.000000000000000000e+00
7.135425056465577676e+00
1.216510669425495239e+00
0.000000000000000000e+00
0.000000000000000000e+00
0.000000000000000000e+00
6.630004397441282560e-01
1.232728349850787719e+00
0.000000000000000000e+00
0.000000000000000000e+00
0.000000000000000000e+00
