1.417987858922883859e+01
1.788523308541023837e+01
0.000000000000000000e+00
0.000000000000000000e+00
0.000000000000000000e+00
1.783751258063752587e+01
1.638542200431744078e+01
0.000000000000000000e+00
0.000000000000000000e+00
0.000000000000000000e+00
1.075967049064543346e+01
1.691173518208819360e+01
0.000000000000000000e+00
0.000000000000000000e+00
0.000000000000000000e+00
-3.021608056627228933e+01
7.187679285326928902e-01
0.000000000000000000e+00
0.000000000000000000e+00
0.000000000000000000e+00
1.897986530723967036e+01
6.900807100597777799e-01
0.000000000000000000e+00
0.000000000000000000e+00
0.000000000000000000e+00
-1.417545580255620230e+01
7.060983677282445248e-01
0.000000000000000000e+00
0.000000000000000000e+00
0.000000000000000000e+00
-3.403228677060732821e+01
4.319255884854697469e-01
0.000000000000000000e+00
0.000000000000000000e+00
0.000000000000000000e+00
2.296927565072457256e+01
4.066772181925524809e-01
0.000000000000000000e+00
0.000000000000000000e+00
0.000000000000000000e+00
-1.393155729063135162e+01
4.196902868832944611e-01
0.000000000000000000e+00
0.000000000000000000e+00
0.000000000000000000e+00
-1.696948902136127302e+01
3.483013410689585476e-01
0.000000000000000000e+00
0.000000000000000000e+00
0.000000000000000000e+00
7.217044327492437183e+00
3.437339769959387725e-01
0.000000000000000000e+00
0.000000000000000000e+00
0.000000000000000000e+00
-4.376897753194790575e+00
3.375992774944944763e-01
0.000000000000000000e+00
0.000000000000000000e+00
0.000000000000000000e+00
-1.620069778112510051e+01
4.365130734771411891e-01
0.000000000000000000e+00
0.000000000000000000e+00
0.000000000000000000e+00
4.914934940936642072e+00
4.472733251012038225e-01
0.000000000000000000e+00
0.000000000000000000e+00
0.000000000000000000e+00
-4.295846887821162419e+00
4.343290987453300445e-01
0.000000000000000000e+00
0.000000000000000000e+00
0.000000000000000000e+00
-1.462471610235784247e+01
6.145792087644973423e-01
0.000000000000000000e+00
0.000000000000000000e+00
0.000000000000000000e+00
2.973923494759969977e+00
6.411021828678961088e-01
0.000000000000000000e+00
0.000000000000000000e+00
0.000000000000000000e+00
-3.048010959772233353e+00
6.216558217162275746e-01
0.000000000000000000e+00
0.000000000000000000e+00
0.000000000000000000e+00
-1.430166605733701957e+01
6.751964947492048452e-01
0.000000000000000000e+00
0.000000000000000000e+00
0.000000000000000000e+00
3.267864159263241142e+00
7.032229150602644641e-01
0.000000000000000000e+00
0.000000000000000000e+00
0.000000000000000000e+00
-2.813424143433035596e+00
6.768024965630673462e-01
0.000000000000000000e+00
0.000000000000000000e+00
0.000000000000000000e+00
-1.385105955359539287e+01
7.395357336024621642e-01
0.000000000000000000e+00
0.000000000000000000e+00
0.000000000000000000e+00
2.893264733390657817e+00
7.738396600495605071e-01
0.000000000000000000e+00
0.000000000000000000e+00
0.000000000000000000e+00
-2.643064658878481410e+00
7.401669544740084872e-01
0.000000000000000000e+00
0.000000000000000000e+00
0.000000000000000000e+00
-1.432391192748962894e+01
7.880716722273617414e-01
0.000000000000000000e+00
0.000000000000000000e+00
0.000000000000000000e+00
2.569243327764697771e+00
8.208243232335130646e-01
0.000000000000000000e+00
0.000000000000000000e+00
0.000000000000000000e+00
-1.510132005121594512e+00
8.135567178066958061e-01
0.000000000000000000e+00
0.000000000000000000e+00
0.000000000000000000e+00
-1.523460046923768907e+01
8.720309970122149812e-01
0.000000000000000000e+00
0.000000000000000000e+00
0.000000000000000000e+00
3.340025221697367819e+00
8.950812514666226516e-01
0.000000000000000000e+00
0.000000000000000000e+00
0.000000000000000000e+00
2.874495761189460041e-01
8.863137459956276221e-01
0.000000000000000000e+00
0.000000000000000000e+00
0.000000000000000000e+00
-1.550476011852793867e+01
9.765130096320921993e-01
0.000000000000000000e+00
0.000000000000000000e+00
0.000000000000000000e+00
4.154571765638622516e+00
1.002967578943226634e+00
0.000000000000000000e+00
0.000000000000000000e+00
0.000000000000000000e+00
9.221635717116380970e-01
9.641900368488510731e-01
0.000000000000000000e+00
0.000000000000000000e+00
0.000000000000000000e+00
-1.647805395287573660e+01
1.089863039553564894e+00
0.000000000000000000e+00
0.000000000000000000e+00
0.000000000000000000e+00
5.028585335026823699e+00
1.113669217507310183e+00
0.000000000000000000e+00
0.000000000000000000e+00
0.000000000000000000e+00
1.437607656030373215e+00
1.049433822602490629e+00
0.000000000000000000e+00
0.000000000000000000e+00
0.000000000000000000e+00
-1.551181595492450427e+01
1.201264128698938061e+00
0.000000000000000000e+00
0.000000000000000000e+00
0.000000000000000000e+00
2.736173220611110679e+00
1.240784508884628101e+00
0.000000000000000000e+00
0.000000000000000000e+00
0.000000000000000000e+00
9.615821010506871991e-01
1.201339629442996992e+00
0.000000000000000000e+00
0.000000000000000000e+00
0.000000000000000000e+00
-1.708951728351989630e+01
1.360030664711029180e+00
0.000000000000000000e+00
0.000000000000000000e+00
0.000000000000000000e+00
3.144389281080040899e+00
1.418610951281143562e+00
0.000000000000000000e+00
0.000000000000000000e+00
0.000000000000000000e+00
1.592320048794311216e+00
1.401194156222133058e+00
0.000000000000000000e+00
0.000000000000000000e+00
0.000000000000000000e+00
-2.108900176105513324e+01
1.459112420368102292e+00
0.000000000000000000e+00
0.000000000000000000e+00
0.000000000000000000e+00
6.545180165888423218e+00
1.628888855891117204e+00
0.000000000000000000e+00
0.000000000000000000e+00
0.000000000000000000e+00
8.165385422217544820e-01
1.480758207496966294e+00
0.000000000000000000e+00
0.000000000000000000e+00
0.000000000000000000e+00
-1.869965845480912492e+01
1.774429107679687645e+00
0.000000000000000000e+00
0.000000000000000000e+00
0.000000000000000000e+00
3.529221619208931848e+00
2.068094275092875467e+00
0.000000000000000000e+00
0.000000000000000000e+00
0.000000000000000000e+00
3.768178090886278309e-01
1.780882151247831890e+00
0.000000000000000000e+00
0.000000000000000000e+00
0.000000000000000000e+00
