-1.933971897192280309e+01
3.009344714652186781e-01
0.000000000000000000e+00
0.000000000000000000e+00
0.000000000000000000e+00
1.461810924667287281e+01
3.442954526504049539e-01
0.000000000000000000e+00
0.000000000000000000e+00
0.000000000000000000e+00
-1.185272302713262427e+01
2.962941525749042126e-01
0.000000000000000000e+00
0.000000000000000000e+00
0.000000000000000000e+00
-3.300863654868951613e+01
3.857309203946813342e-02
0.000000000000000000e+00
0.000000000000000000e+00
0.000000000000000000e+00
2.251820020876169082e+01
3.807688636052968673e-02
0.000000000000000000e+00
0.000000000000000000e+00
0.000000000000000000e+00
-1.656896166489407207e+01
3.838393207143919739e-02
0.000000000000000000e+00
0.000000000000000000e+00
0.000000000000000000e+00
-3.308232367557756248e+01
1.964179025916016480e-02
0.000000000000000000e+00
0.000000000000000000e+00
0.000000000000000000e+00
2.102365688102460695e+01
1.973725303772273093e-02
0.000000000000000000e+00
0.000000000000000000e+00
0.000000000000000000e+00
-1.345921970226858733e+01
1.987716234285513348e-02
0.000000000000000000e+00
0.000000000000000000e+00
0.000000000000000000e+00
-1.784230310247843931e+01
1.394462123846560569e-02
0.000000000000000000e+00
0.000000000000000000e+00
0.000000000000000000e+00
8.045316794082324918e+00
1.387720899180797454e-02
0.000000000000000000e+00
0.000000000000000000e+00
0.000000000000000000e+00
-3.891765698708375520e+00
1.386828039009305701e-02
0.000000000000000000e+00
0.000000000000000000e+00
0.000000000000000000e+00
-1.432363902733102279e+01
1.730463796794186326e-02
0.000000000000000000e+00
0.000000000000000000e+00
0.000000000000000000e+00
5.307767848348945883e+00
1.721132428810964385e-02
0.000000000000000000e+00
0.000000000000000000e+00
0.000000000000000000e+00
-2.120723503862913084e+00
1.719840880164866595e-02
0.000000000000000000e+00
0.000000000000000000e+00
0.000000000000000000e+00
-1.199196192881665723e+01
2.414755455752479879e-02
0.000000000000000000e+00
0.000000000000000000e+00
0.000000000000000000e+00
3.480596717377108185e+00
2.406277478192535638e-02
0.000000000000000000e+00
0.000000000000000000e+00
0.000000000000000000e+00
-1.099176572603422386e+00
2.408038349374151330e-02
0.000000000000000000e+00
0.000000000000000000e+00
0.000000000000000000e+00
-1.163950340283044582e+01
2.625622649548907048e-02
0.000000000000000000e+00
0.000000000000000000e+00
0.000000000000000000e+00
3.252680038295438614e+00
2.618279879591812673e-02
0.000000000000000000e+00
0.000000000000000000e+00
0.000000000000000000e+00
-1.002416262787467760e+00
2.618049395706608176e-02
0.000000000000000000e+00
0.000000000000000000e+00
0.000000000000000000e+00
-1.122992123534292830e+01
2.866809923939769855e-02
0.000000000000000000e+00
0.000000000000000000e+00
0.000000000000000000e+00
3.013376422631667939e+00
2.856689997583035726e-02
0.000000000000000000e+00
0.000000000000000000e+00
0.000000000000000000e+00
-8.536386323196676340e-01
2.853976796855891077e-02
0.000000000000000000e+00
0.000000000000000000e+00
0.000000000000000000e+00
-1.103703187927299822e+01
3.139238102864670699e-02
0.000000000000000000e+00
0.000000000000000000e+00
0.000000000000000000e+00
2.797489269688101743e+00
3.132002622545981829e-02
0.000000000000000000e+00
0.000000000000000000e+00
0.000000000000000000e+00
-7.701030284586770636e-01
3.127687708694735363e-02
0.000000000000000000e+00
0.000000000000000000e+00
0.000000000000000000e+00
-1.076186643421665323e+01
3.465562580692668065e-02
0.000000000000000000e+00
0.000000000000000000e+00
0.000000000000000000e+00
2.624260254896889855e+00
3.458383926190022190e-02
0.000000000000000000e+00
0.000000000000000000e+00
0.000000000000000000e+00
-6.613693786936906127e-01
3.452215627019654398e-02
0.000000000000000000e+00
0.000000000000000000e+00
0.000000000000000000e+00
-1.053374451343444207e+01
3.833972083016214116e-02
0.000000000000000000e+00
0.000000000000000000e+00
0.000000000000000000e+00
2.418915542949001019e+00
3.832385198491668199e-02
0.000000000000000000e+00
0.000000000000000000e+00
0.000000000000000000e+00
-5.480679814507578573e-01
3.827404411906170506e-02
0.000000000000000000e+00
0.000000000000000000e+00
0.000000000000000000e+00
-1.030438737073372302e+01
4.257499890027716116e-02
0.000000000000000000e+00
0.000000000000000000e+00
0.000000000000000000e+00
2.188716860283921317e+00
4.263375278276832631e-02
0.000000000000000000e+00
0.000000000000000000e+00
0.000000000000000000e+00
-3.537128041288337688e-01
4.257302138640939315e-02
0.000000000000000000e+00
0.000000000000000000e+00
0.000000000000000000e+00
-1.001761964912198799e+01
4.791833874077382899e-02
0.000000000000000000e+00
0.000000000000000000e+00
0.000000000000000000e+00
2.155578369685848372e+00
4.792802046586648601e-02
0.000000000000000000e+00
0.000000000000000000e+00
0.000000000000000000e+00
-3.222994222991643620e-01
4.783400592626615988e-02
0.000000000000000000e+00
0.000000000000000000e+00
0.000000000000000000e+00
-9.671750142885624513e+00
5.390153190360064128e-02
0.000000000000000000e+00
0.000000000000000000e+00
0.000000000000000000e+00
2.029742158626095527e+00
5.397474241344374368e-02
0.000000000000000000e+00
0.000000000000000000e+00
0.000000000000000000e+00
-2.481172690155728777e-01
5.383304082731915630e-02
0.000000000000000000e+00
0.000000000000000000e+00
0.000000000000000000e+00
-9.444234616511534952e+00
6.141354249068497334e-02
0.000000000000000000e+00
0.000000000000000000e+00
0.000000000000000000e+00
2.000808744399259709e+00
6.144875807626633962e-02
0.000000000000000000e+00
0.000000000000000000e+00
0.000000000000000000e+00
-1.480486889448083543e-01
6.127548809771764943e-02
0.000000000000000000e+00
0.000000000000000000e+00
0.000000000000000000e+00
-9.160343895073069120e+00
6.991404355810457161e-02
0.000000000000000000e+00
0.000000000000000000e+00
0.000000000000000000e+00
1.855521649354592961e+00
6.974621062293540064e-02
0.000000000000000000e+00
0.000000000000000000e+00
0.000000000000000000e+00
-6.988068089343127398e-02
6.970625652981680964e-02
0.000000000000000000e+00
0.000000000000000000e+00
0.000000000000000000e+00
