6.707234038151504762e+01
2.084584642963217149e+01
0.000000000000000000e+00
0.000000000000000000e+00
0.000000000000000000e+00
6.190427793333132911e+01
1.394569115936873871e+01
0.000000000000000000e+00
0.000000000000000000e+00
0.000000000000000000e+00
4.117084652275968892e+01
1.477987692049973134e+01
0.000000000000000000e+00
0.000000000000000000e+00
0.000000000000000000e+00
-4.174579001281367141e+01
1.730128212383797326e+00
0.000000000000000000e+00
0.000000000000000000e+00
0.000000000000000000e+00
3.157850859214347139e+01
1.537652343282999823e+00
0.000000000000000000e+00
0.000000000000000000e+00
0.000000000000000000e+00
-2.362759623456587832e+01
1.825341878677368079e+00
0.000000000000000000e+00
0.000000000000000000e+00
0.000000000000000000e+00
-4.664753942556748001e+01
1.290556548782964441e+00
0.000000000000000000e+00
0.000000000000000000e+00
0.000000000000000000e+00
4.356117624678461908e+01
8.754110532693734070e-01
0.000000000000000000e+00
0.000000000000000000e+00
0.000000000000000000e+00
-2.495313301548773310e+01
1.110921758308851093e+00
0.000000000000000000e+00
0.000000000000000000e+00
0.000000000000000000e+00
-2.629312738068997746e+01
8.514077574881432353e-01
0.000000000000000000e+00
0.000000000000000000e+00
0.000000000000000000e+00
1.457254934346212671e+01
8.398177283243657421e-01
0.000000000000000000e+00
0.000000000000000000e+00
0.000000000000000000e+00
-8.927531484731042966e+00
8.184024818839140680e-01
0.000000000000000000e+00
0.000000000000000000e+00
0.000000000000000000e+00
-2.392909215416486646e+01
1.148333561121552382e+00
0.000000000000000000e+00
0.000000000000000000e+00
0.000000000000000000e+00
1.253055507772593913e+01
1.075288440435440585e+00
0.000000000000000000e+00
0.000000000000000000e+00
0.000000000000000000e+00
-9.031817894357986987e+00
1.047030145609215479e+00
0.000000000000000000e+00
0.000000000000000000e+00
0.000000000000000000e+00
-2.089300804492349073e+01
1.646039796125870369e+00
0.000000000000000000e+00
0.000000000000000000e+00
0.000000000000000000e+00
9.417341416661036746e+00
1.668975992790988183e+00
0.000000000000000000e+00
0.000000000000000000e+00
0.000000000000000000e+00
-8.960385406501634620e+00
1.509108305239311498e+00
0.000000000000000000e+00
0.000000000000000000e+00
0.000000000000000000e+00
-2.335452449936194341e+01
1.747339485699686890e+00
0.000000000000000000e+00
0.000000000000000000e+00
0.000000000000000000e+00
8.004798432299153887e+00
1.928916081097242774e+00
0.000000000000000000e+00
0.000000000000000000e+00
0.000000000000000000e+00
-7.679329732925253893e+00
1.664144014019773632e+00
0.000000000000000000e+00
0.000000000000000000e+00
0.000000000000000000e+00
-2.043206351371878071e+01
1.970873084411256970e+00
0.000000000000000000e+00
0.000000000000000000e+00
0.000000000000000000e+00
6.525585783228236458e+00
2.162970474957708777e+00
0.000000000000000000e+00
0.000000000000000000e+00
0.000000000000000000e+00
-8.177642239150381798e+00
1.863187943159597904e+00
0.000000000000000000e+00
0.000000000000000000e+00
0.000000000000000000e+00
-1.765801801809081795e+01
2.278657809163553871e+00
0.000000000000000000e+00
0.000000000000000000e+00
0.000000000000000000e+00
8.313981474754120526e+00
2.216897909005657308e+00
0.000000000000000000e+00
0.000000000000000000e+00
0.000000000000000000e+00
-7.740255225293722674e+00
2.110374914771846466e+00
0.000000000000000000e+00
0.000000000000000000e+00
0.000000000000000000e+00
-1.699824462698214944e+01
2.721451500521333333e+00
0.000000000000000000e+00
0.000000000000000000e+00
0.000000000000000000e+00
7.361759567868577214e+00
2.542069458695637607e+00
0.000000000000000000e+00
0.000000000000000000e+00
0.000000000000000000e+00
-6.066892562523584331e+00
2.398559551273845791e+00
0.000000000000000000e+00
0.000000000000000000e+00
0.000000000000000000e+00
-1.670671557320390832e+01
3.228688372550827523e+00
0.000000000000000000e+00
0.000000000000000000e+00
0.000000000000000000e+00
1.093355474958852902e+01
2.899500001742795430e+00
0.000000000000000000e+00
0.000000000000000000e+00
0.000000000000000000e+00
-4.763073790489056769e+00
2.876338400650617633e+00
0.000000000000000000e+00
0.000000000000000000e+00
0.000000000000000000e+00
-1.657382443138465433e+01
3.817397071190796520e+00
0.000000000000000000e+00
0.000000000000000000e+00
0.000000000000000000e+00
9.595734565585759768e+00
3.741144918239057926e+00
0.000000000000000000e+00
0.000000000000000000e+00
0.000000000000000000e+00
-7.201597748966347190e+00
3.351215681393652446e+00
0.000000000000000000e+00
0.000000000000000000e+00
0.000000000000000000e+00
-7.358049225007329275e-01
1.570219827912024613e+01
0.000000000000000000e+00
0.000000000000000000e+00
0.000000000000000000e+00
1.184925788264795088e+01
8.479110710650632043e+00
0.000000000000000000e+00
0.000000000000000000e+00
0.000000000000000000e+00
-1.046964151379748298e+00
1.277771179291069892e+01
0.000000000000000000e+00
0.000000000000000000e+00
0.000000000000000000e+00
-3.110973196880846672e+02
6.737475454289037771e+02
0.000000000000000000e+00
0.000000000000000000e+00
0.000000000000000000e+00
-2.474097504881749785e+02
5.753062988841977585e+02
0.000000000000000000e+00
0.000000000000000000e+00
0.000000000000000000e+00
1.025619651786809925e+02
2.129720380854903112e+02
0.000000000000000000e+00
0.000000000000000000e+00
0.000000000000000000e+00
-4.308045995350037174e+02
1.677747144925092016e+03
0.000000000000000000e+00
0.000000000000000000e+00
0.000000000000000000e+00
-3.756269451383940350e+02
1.383524730635229616e+03
0.000000000000000000e+00
0.000000000000000000e+00
0.000000000000000000e+00
1.322252327168243369e+02
4.999747467215995016e+02
0.000000000000000000e+00
0.000000000000000000e+00
0.000000000000000000e+00
1.094470337195153036e+02
7.249679245504688652e+01
0.000000000000000000e+00
0.000000000000000000e+00
0.000000000000000000e+00
-2.372275987266137918e+02
8.988066754271768843e+01
0.000000000000000000e+00
0.000000000000000000e+00
0.000000000000000000e+00
-3.024626276849411397e+02
9.500265006079921193e+01
0.000000000000000000e+00
0.000000000000000000e+00
0.000000000000000000e+00
