-2.339828443990601770e+01
4.811205640239656356e-01
0.000000000000000000e+00
0.000000000000000000e+00
0.000000000000000000e+00
2.095510941662984550e+01
4.606077178564254582e-01
0.000000000000000000e+00
0.000000000000000000e+00
0.000000000000000000e+00
-2.014908668224729027e+01
4.400571190637203589e-01
0.000000000000000000e+00
0.000000000000000000e+00
0.000000000000000000e+00
-4.041306474222817968e+01
8.453234460926202509e-02
0.000000000000000000e+00
0.000000000000000000e+00
0.000000000000000000e+00
3.390337895133606594e+01
7.680632708164178424e-02
0.000000000000000000e+00
0.000000000000000000e+00
0.000000000000000000e+00
-2.800264533407471745e+01
7.758027179757615022e-02
0.000000000000000000e+00
0.000000000000000000e+00
0.000000000000000000e+00
-4.522522056810262825e+01
4.529569010345818603e-02
0.000000000000000000e+00
0.000000000000000000e+00
0.000000000000000000e+00
3.482065087153500826e+01
4.362850260983411332e-02
0.000000000000000000e+00
0.000000000000000000e+00
0.000000000000000000e+00
-2.535785917027145686e+01
4.408165421069951823e-02
0.000000000000000000e+00
0.000000000000000000e+00
0.000000000000000000e+00
-2.634645428357301711e+01
3.502866125901035049e-02
0.000000000000000000e+00
0.000000000000000000e+00
0.000000000000000000e+00
1.534464551215126704e+01
3.398165585026330371e-02
0.000000000000000000e+00
0.000000000000000000e+00
0.000000000000000000e+00
-8.597766911579725502e+00
3.413614637237044613e-02
0.000000000000000000e+00
0.000000000000000000e+00
0.000000000000000000e+00
-2.143822770078641682e+01
4.576255727329273798e-02
0.000000000000000000e+00
0.000000000000000000e+00
0.000000000000000000e+00
1.061454216860463262e+01
4.469636432729104381e-02
0.000000000000000000e+00
0.000000000000000000e+00
0.000000000000000000e+00
-5.007383660786002721e+00
4.495179358012182241e-02
0.000000000000000000e+00
0.000000000000000000e+00
0.000000000000000000e+00
-1.828435840431226467e+01
6.691864061424443455e-02
0.000000000000000000e+00
0.000000000000000000e+00
0.000000000000000000e+00
7.479079479483980109e+00
6.535281435503559333e-02
0.000000000000000000e+00
0.000000000000000000e+00
0.000000000000000000e+00
-2.836263319703685060e+00
6.584978702722334154e-02
0.000000000000000000e+00
0.000000000000000000e+00
0.000000000000000000e+00
-1.788449278764841921e+01
7.310959310183065551e-02
0.000000000000000000e+00
0.000000000000000000e+00
0.000000000000000000e+00
7.061203097093048164e+00
7.159851843068779087e-02
0.000000000000000000e+00
0.000000000000000000e+00
0.000000000000000000e+00
-2.626244765244860169e+00
7.176058147197129922e-02
0.000000000000000000e+00
0.000000000000000000e+00
0.000000000000000000e+00
-1.729892116829728010e+01
8.073497084851863348e-02
0.000000000000000000e+00
0.000000000000000000e+00
0.000000000000000000e+00
6.645076797216827202e+00
7.916236434093758267e-02
0.000000000000000000e+00
0.000000000000000000e+00
0.000000000000000000e+00
-2.295050022826860214e+00
7.888349909825570494e-02
0.000000000000000000e+00
0.000000000000000000e+00
0.000000000000000000e+00
-1.719593848162167049e+01
8.907642762042514151e-02
0.000000000000000000e+00
0.000000000000000000e+00
0.000000000000000000e+00
6.260218200592149174e+00
8.779560952162894505e-02
0.000000000000000000e+00
0.000000000000000000e+00
0.000000000000000000e+00
-2.102819226989407042e+00
8.739153202388398600e-02
0.000000000000000000e+00
0.000000000000000000e+00
0.000000000000000000e+00
-1.681689086224524132e+01
9.893302596903409685e-02
0.000000000000000000e+00
0.000000000000000000e+00
0.000000000000000000e+00
6.002520856785718451e+00
9.697661097208105929e-02
0.000000000000000000e+00
0.000000000000000000e+00
0.000000000000000000e+00
-1.811006319049857538e+00
9.667864040326785979e-02
0.000000000000000000e+00
0.000000000000000000e+00
0.000000000000000000e+00
-1.664473533808497407e+01
1.106948690034121330e-01
0.000000000000000000e+00
0.000000000000000000e+00
0.000000000000000000e+00
5.675917334793969538e+00
1.094951500702533442e-01
0.000000000000000000e+00
0.000000000000000000e+00
0.000000000000000000e+00
-1.598016130670223633e+00
1.086265279997505745e-01
0.000000000000000000e+00
0.000000000000000000e+00
0.000000000000000000e+00
-1.669550096552980634e+01
1.222933487821644266e-01
0.000000000000000000e+00
0.000000000000000000e+00
0.000000000000000000e+00
5.226234303529631475e+00
1.228715578343473613e-01
0.000000000000000000e+00
0.000000000000000000e+00
0.000000000000000000e+00
-1.172200314444288072e+00
1.213972207949734761e-01
0.000000000000000000e+00
0.000000000000000000e+00
0.000000000000000000e+00
-1.625014642659274600e+01
1.391584082832358349e-01
0.000000000000000000e+00
0.000000000000000000e+00
0.000000000000000000e+00
5.266040454652295644e+00
1.394290956852998475e-01
0.000000000000000000e+00
0.000000000000000000e+00
0.000000000000000000e+00
-1.012233422609165157e+00
1.368064969996895530e-01
0.000000000000000000e+00
0.000000000000000000e+00
0.000000000000000000e+00
-1.581372387005040636e+01
1.570276854972152414e-01
0.000000000000000000e+00
0.000000000000000000e+00
0.000000000000000000e+00
4.831933220448560107e+00
1.585252259669278074e-01
0.000000000000000000e+00
0.000000000000000000e+00
0.000000000000000000e+00
-6.675490064374002275e-01
1.554384658774554118e-01
0.000000000000000000e+00
0.000000000000000000e+00
0.000000000000000000e+00
-1.576948898769693130e+01
1.842708877577856619e-01
0.000000000000000000e+00
0.000000000000000000e+00
0.000000000000000000e+00
4.836554867972245653e+00
1.856098214569349425e-01
0.000000000000000000e+00
0.000000000000000000e+00
0.000000000000000000e+00
-7.845337911780652096e-01
1.813883511133032311e-01
0.000000000000000000e+00
0.000000000000000000e+00
0.000000000000000000e+00
-1.517151094740773409e+01
2.123495135668129474e-01
0.000000000000000000e+00
0.000000000000000000e+00
0.000000000000000000e+00
4.229286566221176713e+00
2.143327487142408783e-01
0.000000000000000000e+00
0.000000000000000000e+00
0.000000000000000000e+00
-7.225111855425522256e-01
2.101679742407984441e-01
0.000000000000000000e+00
0.000000000000000000e+00
0.000000000000000000e+00
