-1.172713785308545503e-01
3.614284452614622833e-01
-8.021138245746223250e-02
-3.581566762795710956e-01
-1.164208697216203015e-01
6.322978766204336853e-01
3.593111998979132693e-01
6.828501308921517410e-01
8.592308357107286687e-01
6.306605273330305739e-01
4.165926419798036268e-02
3.616147544796111668e-01
1.516850444196452333e-03
-1.691538872327707221e-01
3.978397472624428666e-02
-1.194175790220666000e+00
1.910839659994636452e-01
-1.186700276526430287e+00
-9.811724676794605360e-01
-1.194936154476033519e+00
7.487648646570416178e-01
1.900194974961210426e-01
7.608671857823883222e-01
5.441947598721659229e-01
7.480053210287660459e-01
3.066167867201049363e-02
1.898588456310424666e-01
2.073908974112068787e-02
2.214472644976937243e-01
3.288071154638114169e-02
-1.057892943138666331e+00
2.059273057527654938e-01
-1.041342238948604670e+00
-1.461895519095893992e+00
-1.057767607779493746e+00
6.325741845187976553e-01
2.057015663394980154e-01
6.249587904900355539e-01
1.020828647405468415e+00
6.325462732448806635e-01
-2.836054558388310110e-01
2.056839649406608239e-01
-2.752408834213865840e-01
-6.439191152964925946e-01
-2.836374933974990520e-01
-7.342965588293868251e-01
3.127636223517804015e-01
-8.147347282248618150e-01
-1.150950609870319497e+00
-7.354247477602304794e-01
1.126559520524142100e+00
3.109198248228676187e-01
1.214227366728684920e+00
1.512929144158954076e+00
1.130563159314114774e+00
-1.931052895066604214e-01
3.122811211792084207e-01
-2.799483777207845137e-01
-5.402237052087880409e-01
-1.899076910401647500e-01
-7.636738379546902100e-02
7.265926830892922572e-01
-3.634815965114344266e-02
-1.594721009308732951e+00
-9.590232749885151120e-02
1.027611526903163153e+00
7.261074983762872970e-01
9.942816069961875058e-01
2.470677151030359120e+00
1.028890008039897719e+00
1.878316763198754624e-01
7.309148326415285668e-01
2.215108039623711889e-01
-1.156805044257718462e+00
1.807773954515051740e-01
