-6.395773186574520430e-01
3.423036851347141529e-02
0.000000000000000000e+00
0.000000000000000000e+00
0.000000000000000000e+00
7.285476557308371293e-01
3.393034303572341898e-02
0.000000000000000000e+00
0.000000000000000000e+00
0.000000000000000000e+00
-5.182138450059767948e-02
3.357202976260317134e-02
0.000000000000000000e+00
0.000000000000000000e+00
0.000000000000000000e+00
-1.264773476048985046e+00
1.435564680213999647e-02
0.000000000000000000e+00
0.000000000000000000e+00
0.000000000000000000e+00
7.222829489218115517e-01
1.428669904606194585e-02
0.000000000000000000e+00
0.000000000000000000e+00
0.000000000000000000e+00
-3.249762980189675743e-02
1.428977920160500251e-02
0.000000000000000000e+00
0.000000000000000000e+00
0.000000000000000000e+00
-1.124623298365008184e+00
1.135977576027184452e-02
0.000000000000000000e+00
0.000000000000000000e+00
0.000000000000000000e+00
7.337662989543862757e-01
1.132305941261680174e-02
0.000000000000000000e+00
0.000000000000000000e+00
0.000000000000000000e+00
-2.109092524668564061e-02
1.132330770133638601e-02
0.000000000000000000e+00
0.000000000000000000e+00
0.000000000000000000e+00
-6.274857861864657771e-01
1.626264937878962522e-02
0.000000000000000000e+00
0.000000000000000000e+00
0.000000000000000000e+00
6.176096808188601406e-01
1.623569132091105122e-02
0.000000000000000000e+00
0.000000000000000000e+00
0.000000000000000000e+00
-2.838355291209870498e-02
1.623093607516588530e-02
0.000000000000000000e+00
0.000000000000000000e+00
0.000000000000000000e+00
-3.547528174110136656e-01
4.169433695501361531e-02
0.000000000000000000e+00
0.000000000000000000e+00
0.000000000000000000e+00
5.329812845266538313e-01
4.168051415747169725e-02
0.000000000000000000e+00
0.000000000000000000e+00
0.000000000000000000e+00
-2.208954379259167600e-02
4.166556256659564167e-02
0.000000000000000000e+00
0.000000000000000000e+00
0.000000000000000000e+00
